1.00612	0	536
1.01281	536	821
1.21946	821	1007
1.4261	1007	1159
1.43334	1159	1291
1.44057	1291	1409
1.4478	1409	1517
1.45504	1517	1618
1.46227	1618	1712
1.46892	1712	1801
1.47556	1801	1886
1.4822	1886	1967
1.48885	1967	2044
1.49549	2044	2118
1.50214	2118	2190
1.50878	2190	2259
1.50996	2259	2326
1.51601	2326	2391
1.51719	2391	2455
1.52444	2455	1072
1.53773	1072	1340
1.54497	1340	1608
1.5522	1608	1876
1.55884	1876	2144
1.56549	2144	2412
1.56667	2412	2680
1.57272	2680	2948
1.5739	2948	3216
1.57937	3216	3484
1.58055	3484	3752
1.58173	3752	4020
1.5866	4020	4288
1.58778	4288	4556
1.58896	4556	4824
1.59324	4824	5092
1.59442	5092	5360
1.5956	5360	5628
1.59678	5628	5896
1.59989	5896	6164
1.60107	6164	6432
1.60225	6432	6700
1.60343	6700	6968
1.60461	6968	7236
1.60653	7236	7504
1.60771	7504	7772
1.60889	7772	8040
1.61007	8040	8308
1.61125	8308	8576
1.61243	8576	8844
1.6148	8844	3752
1.62794	3752	4020
1.62912	4020	4288
1.6303	4288	4556
1.63341	4556	4824
1.63518	4824	5092
1.63636	5092	5360
1.63754	5360	5628
1.64064	5628	5896
1.64182	5896	6164
1.643	6164	6432
1.64418	6432	6700
1.64536	6700	6968
1.64787	6968	7236
1.64905	7236	7504
1.65023	7504	7772
1.65141	7772	8040
1.65259	8040	8308
1.65377	8308	8576
1.65448	8576	8844
1.65566	8844	9112
1.65684	9112	9380
1.65781	9380	9648
1.67923	9648	9916
1.68041	9916	10184
1.68138	10184	10452
1.70323	10452	10720
1.70441	10720	10988
1.70538	10988	11256
1.72723	11256	11524
1.72841	11524	11792
1.72938	11792	12060
1.75123	12060	12328
1.75241	12328	12596
1.75338	12596	12864
1.77523	12864	13132
1.77641	13132	13400
1.77738	13400	13668
1.79923	13668	13936
1.80041	13936	14204
1.80138	14204	14472
1.82323	14472	14740
1.82441	14740	15008
1.82538	15008	15276
1.84723	15276	15544
1.84841	15544	15812
1.84938	15812	16080
1.87123	16080	16348
1.87241	16348	16616
1.87338	16616	16884
1.89523	16884	17152
1.89641	17152	17420
1.89738	17420	17688
1.91923	17688	17956
1.92041	17956	18224
1.92138	18224	18492
1.94323	18492	18760
1.94441	18760	19028
1.94538	19028	19296
1.96723	19296	19564
1.96841	19564	19832
1.96938	19832	20100
1.99123	20100	20368
1.99241	20368	20636
1.99338	20636	20904
2.01523	20904	21172
2.01641	21172	21440
2.01738	21440	21708
2.03923	21708	21976
2.04041	21976	22244
2.04138	22244	22512
2.06323	22512	22780
2.06441	22780	23048
2.06538	23048	23316
2.08723	23316	23584
2.08841	23584	23852
2.08938	23852	24120
2.11123	24120	24388
2.11241	24388	24656
2.11338	24656	24924
2.13523	24924	25192
2.13641	25192	25460
2.13738	25460	25728
2.15923	25728	25996
2.16041	25996	26264
2.16138	26264	26532
2.18323	26532	26800
2.18441	26800	27068
2.18538	27068	27336
2.20723	27336	27604
2.20841	27604	27872
2.20938	27872	28140
2.23123	28140	28408
2.23241	28408	28676
2.23338	28676	28944
2.25523	28944	29212
2.25641	29212	29480
2.25738	29480	29748
2.27923	29748	30016
2.28041	30016	30284
2.28138	30284	30552
2.30323	30552	30820
2.30441	30820	31088
2.30538	31088	31356
2.32723	31356	31624
2.32841	31624	31892
2.32938	31892	32160
2.35123	32160	32428
2.35241	32428	32696
2.35338	32696	32964
2.37523	32964	33232
2.37641	33232	33500
2.37738	33500	33768
2.39923	33768	34036
2.40041	34036	34304
2.40138	34304	34572
2.42323	34572	34840
2.42441	34840	35108
2.42538	35108	35376
2.44723	35376	35644
2.44841	35644	35912
2.44938	35912	36180
2.47123	36180	36448
2.47241	36448	36716
2.47338	36716	36984
2.49523	36984	37252
2.49701	37252	37520
2.51925	37520	1232
2.54323	1232	1500
2.55047	1500	1768
2.55749	1768	2036
2.56723	2036	2304
2.57485	2304	1072
2.59123	1072	1340
2.59847	1340	1608
2.60549	1608	1876
2.61523	1876	2144
2.62188	2144	2412
2.62284	2412	2680
2.63923	2680	2948
2.64041	2948	3216
2.64566	3216	3484
2.66323	3484	3752
2.66441	3752	4020
2.66538	4020	4288
2.68723	4288	4556
2.68841	4556	4824
2.68938	4824	5092
2.71123	5092	5360
2.71241	5360	5628
2.71338	5628	5896
2.73523	5896	6164
2.73641	6164	6432
2.73738	6432	6700
2.75923	6700	6968
2.76041	6968	7236
2.76138	7236	7504
2.78323	7504	7772
2.78441	7772	8040
2.78538	8040	8308
2.80723	8308	8576
2.80841	8576	8844
2.80938	8844	9112
2.83123	9112	9380
2.83241	9380	9648
2.83338	9648	9916
2.85523	9916	10184
2.85641	10184	10452
2.85738	10452	10720
2.87923	10720	10988
2.88041	10988	11256
2.88138	11256	11524
2.90323	11524	11792
2.90441	11792	12060
2.90538	12060	12328
2.92723	12328	12596
2.92841	12596	12864
2.92938	12864	13132
2.95123	13132	13400
2.95241	13400	13668
2.95338	13668	13936
2.97523	13936	14204
2.97641	14204	14472
2.97738	14472	14740
2.99923	14740	15008
3.00041	15008	15276
3.00138	15276	15544
3.02323	15544	15812
3.02441	15812	16080
3.02538	16080	16348
3.04723	16348	16616
3.04841	16616	16884
3.04938	16884	17152
3.07123	17152	17420
3.07241	17420	17688
3.07338	17688	17956
3.09523	17956	18224
3.09641	18224	18492
3.09738	18492	18760
3.11923	18760	19028
3.12041	19028	19296
3.12138	19296	19564
3.14323	19564	19832
3.14441	19832	20100
3.14538	20100	20368
3.16723	20368	20636
3.16841	20636	20904
3.16938	20904	21172
3.19123	21172	21440
3.19241	21440	21708
3.19338	21708	21976
3.21523	21976	22244
3.21641	22244	22512
3.21738	22512	22780
3.23923	22780	23048
3.24041	23048	23316
3.24138	23316	23584
3.26323	23584	23852
3.26441	23852	24120
3.26538	24120	24388
3.28723	24388	24656
3.28841	24656	24924
3.28938	24924	25192
3.31123	25192	25460
3.31241	25460	25728
3.31338	25728	25996
3.33523	25996	26264
3.33641	26264	26532
3.33738	26532	26800
3.35923	26800	27068
3.36041	27068	27336
3.36138	27336	27604
3.38323	27604	27872
3.38441	27872	28140
3.38538	28140	28408
3.40723	28408	28676
3.40841	28676	28944
3.40938	28944	29212
3.43123	29212	29480
3.43241	29480	29748
3.43338	29748	30016
3.45523	30016	30284
3.45641	30284	30552
3.45738	30552	30820
3.47923	30820	31088
3.48041	31088	31356
3.48138	31356	31624
3.50323	31624	31892
3.50441	31892	32160
3.50538	32160	32428
3.52723	32428	32696
3.52841	32696	32964
3.52938	32964	33232
3.55123	33232	33500
3.55241	33500	33768
3.55338	33768	34036
3.57523	34036	34304
3.57641	34304	34572
3.57738	34572	34840
3.59923	34840	35108
3.60041	35108	35376
3.60138	35376	35644
3.62323	35644	35912
3.62441	35912	36180
3.62538	36180	36448
3.64723	36448	36716
3.64841	36716	36984
3.64938	36984	37252
3.67123	37252	37520
3.67241	37520	37788
3.67338	37788	38056
3.69523	38056	38324
3.69641	38324	38592
3.69738	38592	38860
3.71923	38860	39128
3.72041	39128	39396
3.72138	39396	39664
3.74323	39664	39932
3.74441	39932	40200
3.74538	40200	40468
3.76723	40468	40736
3.76841	40736	41004
3.76938	41004	41272
3.79123	41272	41540
3.79241	41540	41808
3.79338	41808	42076
3.81523	42076	42344
3.81641	42344	42612
3.81738	42612	42880
3.83923	42880	43148
3.84041	43148	43416
3.84138	43416	43684
3.86323	43684	43952
3.86441	43952	44220
3.86538	44220	44488
3.88723	44488	44756
3.88841	44756	45024
3.88938	45024	45292
3.91123	45292	45560
3.91241	45560	45828
3.91338	45828	46096
3.93523	46096	46364
3.93641	46364	46632
3.93738	46632	46900
3.95923	46900	47168
3.96041	47168	47436
3.96138	47436	47704
3.98323	47704	47972
3.98441	47972	48240
3.98538	48240	48508
4.00723	48508	48776
4.00841	48776	49044
4.00938	49044	49312
4.03123	49312	49580
4.03241	49580	49848
4.03338	49848	50116
4.05523	50116	50384
4.05641	50384	50652
4.05738	50652	50920
4.07923	50920	51188
4.08041	51188	51456
4.08138	51456	51724
4.10323	51724	51992
4.10441	51992	52260
4.10538	52260	52528
4.12723	52528	52796
4.12841	52796	53064
4.12938	53064	53332
4.15123	53332	53600
4.15241	53600	53868
4.15338	53868	54136
4.17523	54136	54404
4.17641	54404	54672
4.17738	54672	54940
4.19923	54940	55208
4.20041	55208	55476
4.20138	55476	55744
4.22323	55744	56012
4.22441	56012	56280
4.22538	56280	56548
4.24723	56548	56816
4.24841	56816	57084
4.24938	57084	57352
4.27123	57352	57620
4.27241	57620	57888
4.27338	57888	58156
4.29523	58156	58424
4.29641	58424	58692
4.29738	58692	58960
4.31923	58960	59228
4.32041	59228	59496
4.32138	59496	59764
4.34323	59764	60032
4.34441	60032	60300
4.34538	60300	60568
4.36723	60568	60836
4.36841	60836	61104
4.36938	61104	61372
4.39123	61372	61640
4.39241	61640	61908
4.39338	61908	62176
4.41523	62176	62444
4.41641	62444	62712
4.41738	62712	62980
4.43923	62980	63248
4.44041	63248	63516
4.44138	63516	63784
4.46323	63784	64052
4.46441	64052	64320
4.46538	64320	64588
4.48723	64588	64856
4.48841	64856	65124
4.48938	65124	65392
4.51123	65392	65660
4.51241	65660	65928
4.51338	65928	66196
4.53523	66196	66464
4.53641	66464	66732
4.53738	66732	67000
4.55923	67000	67268
4.56041	67268	67536
4.56138	67536	67804
4.58323	67804	68072
4.58441	68072	68340
4.58538	68340	68608
4.60723	68608	68876
4.60841	68876	69144
4.60938	69144	69412
4.63123	69412	69680
4.63241	69680	69948
4.63338	69948	70216
4.65523	70216	70484
4.65641	70484	70752
4.65738	70752	71020
4.67923	71020	71288
4.68041	71288	71556
4.68138	71556	71824
4.70323	71824	72092
4.70441	72092	72360
4.70538	72360	72628
4.72723	72628	72896
4.72841	72896	73164
4.72938	73164	73432
4.75123	73432	73700
4.75241	73700	73968
4.75338	73968	74236
4.77523	74236	74504
4.77641	74504	74772
4.77738	74772	75040
4.79923	75040	75308
4.80041	75308	75576
4.80138	75576	75844
4.82323	75844	76112
4.82441	76112	76380
4.82538	76380	76648
4.84723	76648	76916
4.84841	76916	77184
4.84938	77184	77452
4.87123	77452	77720
4.87241	77720	77988
4.87338	77988	78256
4.89523	78256	78524
4.89641	78524	78792
4.89738	78792	79060
4.91923	79060	79328
4.92041	79328	79596
4.92138	79596	79864
4.94323	79864	80132
4.94441	80132	80400
4.94538	80400	80668
4.96723	80668	80936
4.96841	80936	81204
4.96938	81204	81472
4.99123	81472	81740
4.99241	81740	82008
4.99338	82008	82276
5.01523	82276	82544
5.01641	82544	82812
5.01738	82812	83080
5.03923	83080	83348
5.04041	83348	83616
5.04138	83616	83884
5.06323	83884	84152
5.06441	84152	84420
5.06538	84420	84688
5.08723	84688	84956
5.08841	84956	85224
5.08938	85224	85492
5.11123	85492	85760
5.11241	85760	86028
5.11338	86028	86296
5.13523	86296	86564
5.13641	86564	86832
5.13738	86832	87100
5.15923	87100	87368
5.16041	87368	87636
5.16138	87636	87904
5.18323	87904	88172
5.18441	88172	88440
5.18538	88440	88708
5.20723	88708	88976
5.20841	88976	89244
5.20938	89244	89512
5.23123	89512	89780
5.23241	89780	90048
5.23338	90048	90316
5.25523	90316	90584
5.25641	90584	90852
5.25738	90852	91120
5.27923	91120	91388
5.28041	91388	91656
5.28138	91656	91924
5.30323	91924	92192
5.30441	92192	92460
5.30538	92460	92728
5.32723	92728	92996
5.32841	92996	93264
5.32938	93264	93532
5.35123	93532	93800
5.35241	93800	94068
5.35338	94068	94336
5.37523	94336	94604
5.37641	94604	94872
5.37738	94872	95140
5.39923	95140	95408
5.40041	95408	95676
5.40138	95676	95944
5.42323	95944	96212
5.42441	96212	96480
5.42538	96480	96748
5.44723	96748	97016
5.44841	97016	97284
5.44938	97284	97552
5.47123	97552	97820
5.47241	97820	98088
5.47338	98088	98356
5.49523	98356	98624
5.49641	98624	98892
5.49738	98892	99160
5.51923	99160	99428
5.52041	99428	99696
5.52138	99696	99964
5.54323	99964	100232
5.54441	100232	100500
5.54538	100500	100768
5.56723	100768	101036
5.56841	101036	101304
5.56938	101304	101572
5.59123	101572	101840
5.59241	101840	102108
5.59338	102108	102376
5.61523	102376	102644
5.61641	102644	102912
5.61738	102912	103180
5.63923	103180	103448
5.64101	103448	103716
5.66265	103716	1232
5.68723	1232	1500
5.69447	1500	1768
5.70149	1768	2036
5.71123	2036	2304
5.71788	2304	2572
5.71884	2572	2840
5.73523	2840	3108
5.73641	3108	3376
5.74166	3376	3644
5.75923	3644	3912
5.76041	3912	4180
5.76138	4180	4448
5.78323	4448	4716
5.78441	4716	4984
5.78538	4984	5252
5.80723	5252	5520
5.80841	5520	5788
5.80938	5788	6056
5.83123	6056	6324
5.83241	6324	6592
5.83338	6592	6860
5.85523	6860	7128
5.85641	7128	7396
5.85738	7396	7664
5.87923	7664	7932
5.88041	7932	8200
5.88138	8200	8468
5.90323	8468	8736
5.90441	8736	9004
5.90538	9004	9272
5.92723	9272	9540
5.92841	9540	9808
5.92938	9808	10076
5.95123	10076	10344
5.95241	10344	10612
5.95338	10612	10880
5.97523	10880	11148
5.97641	11148	11416
5.97738	11416	11684
5.99923	11684	11952
6.00041	11952	12220
6.00138	12220	12488
6.02323	12488	12756
6.02441	12756	13024
6.02538	13024	13292
6.04723	13292	13560
6.04841	13560	13828
6.04938	13828	14096
6.07123	14096	14364
6.07241	14364	14632
6.07338	14632	14900
6.09523	14900	15168
6.09641	15168	15436
6.09738	15436	15704
6.11923	15704	15972
6.12041	15972	16240
6.12138	16240	16508
6.14323	16508	16776
6.14441	16776	17044
6.14538	17044	17312
6.16723	17312	17580
6.16841	17580	17848
6.16938	17848	18116
6.19123	18116	18384
6.19241	18384	18652
6.19338	18652	18920
6.21523	18920	19188
6.21641	19188	19456
6.21738	19456	19724
6.23923	19724	19992
6.24041	19992	20260
6.24138	20260	20528
6.26323	20528	20796
6.26539	20796	1072
6.28723	1072	1340
6.29447	1340	1608
6.30149	1608	1876
6.31123	1876	2144
6.31788	2144	2412
6.31884	2412	2680
6.33523	2680	2948
6.33641	2948	3216
6.34166	3216	3484
6.35923	3484	3752
6.36041	3752	4020
6.36138	4020	4288
6.38323	4288	4556
6.38441	4556	4824
6.38538	4824	5092
6.40723	5092	5360
6.40841	5360	5628
6.40938	5628	5896
6.43123	5896	6164
6.43241	6164	6432
6.43338	6432	6700
6.45523	6700	6968
6.45641	6968	7236
6.45738	7236	7504
6.47923	7504	7772
6.48041	7772	8040
6.48138	8040	8308
6.50323	8308	8576
6.50441	8576	8844
6.50538	8844	9112
6.52723	9112	9380
6.52841	9380	9648
6.52938	9648	9916
6.55123	9916	10184
6.55241	10184	10452
6.55338	10452	10720
6.57523	10720	10988
6.57641	10988	11256
6.57738	11256	11524
6.59923	11524	11792
6.60041	11792	12060
6.60138	12060	12328
6.62323	12328	12596
6.62441	12596	12864
6.62538	12864	13132
6.64723	13132	13400
6.64841	13400	13668
6.64938	13668	13936
6.67123	13936	14204
6.67241	14204	14472
6.67338	14472	14740
6.69523	14740	15008
6.69641	15008	15276
6.69738	15276	15544
6.71923	15544	15812
6.72041	15812	16080
6.72138	16080	16348
6.74323	16348	16616
6.74441	16616	16884
6.74538	16884	17152
6.76723	17152	17420
6.76841	17420	17688
6.76938	17688	17956
6.79123	17956	18224
6.79241	18224	18492
6.79338	18492	18760
6.81523	18760	19028
6.81641	19028	19296
6.81738	19296	19564
6.83923	19564	19832
6.84041	19832	20100
6.84138	20100	20368
6.86323	20368	20636
6.86441	20636	20904
6.86538	20904	21172
6.88723	21172	21440
6.88841	21440	21708
6.88938	21708	21976
6.91123	21976	22244
6.91241	22244	22512
6.91338	22512	22780
6.93523	22780	23048
6.93641	23048	23316
6.93738	23316	23584
6.95923	23584	23852
6.96041	23852	24120
6.96138	24120	24388
6.98323	24388	24656
6.98441	24656	24924
6.98538	24924	25192
7.00723	25192	25460
7.00841	25460	25728
7.00938	25728	25996
7.03123	25996	26264
7.03241	26264	26532
7.03338	26532	26800
7.05523	26800	27068
7.05641	27068	27336
7.05738	27336	27604
7.07923	27604	27872
7.08041	27872	28140
7.08138	28140	28408
7.10323	28408	28676
7.10441	28676	28944
7.10538	28944	29212
7.12723	29212	29480
7.12841	29480	29748
7.12938	29748	30016
7.15123	30016	30284
7.15241	30284	30552
7.15338	30552	30820
7.17583	30820	31088
7.17701	31088	1072
7.19923	1072	1340
7.20647	1340	1608
7.21349	1608	1876
7.22323	1876	2144
7.22988	2144	2412
7.23084	2412	2680
7.24723	2680	2948
7.24841	2948	3216
7.25366	3216	3484
7.27123	3484	3752
7.27241	3752	4020
7.27338	4020	4288
7.29523	4288	4556
7.29641	4556	4824
7.29738	4824	5092
7.31923	5092	5360
7.32041	5360	5628
7.32138	5628	5896
7.34323	5896	6164
7.34441	6164	6432
7.34538	6432	6700
7.36723	6700	6968
7.36841	6968	7236
7.36938	7236	7504
7.39123	7504	7772
7.39241	7772	8040
7.39338	8040	8308
7.41523	8308	8576
7.41641	8576	8844
7.41738	8844	9112
7.43923	9112	9380
7.44041	9380	9648
7.44138	9648	9916
7.46323	9916	10184
7.46441	10184	10452
7.46538	10452	10720
7.48723	10720	10988
7.48841	10988	11256
7.48938	11256	11524
7.51123	11524	11792
7.51241	11792	12060
7.51338	12060	12328
7.53523	12328	12596
7.53641	12596	12864
7.53738	12864	13132
7.55923	13132	13400
7.56041	13400	13668
7.56138	13668	13936
7.58323	13936	14204
7.58441	14204	14472
7.58538	14472	14740
7.60723	14740	15008
7.60841	15008	15276
7.60938	15276	15544
7.63123	15544	15812
7.63241	15812	16080
7.63338	16080	16348
7.65523	16348	16616
7.65641	16616	16884
7.65738	16884	17152
7.67923	17152	17420
7.68041	17420	17688
7.68138	17688	17956
7.70323	17956	18224
7.70441	18224	18492
7.70538	18492	18760
7.72723	18760	19028
7.72841	19028	19296
7.72938	19296	19564
7.75123	19564	19832
7.75241	19832	20100
7.75338	20100	20368
7.77523	20368	20636
7.77641	20636	20904
7.77738	20904	21172
7.79923	21172	21440
7.80041	21440	21708
7.80138	21708	21976
7.82323	21976	22244
7.82441	22244	22512
7.82538	22512	22780
7.84723	22780	23048
7.84841	23048	23316
7.84938	23316	23584
7.87123	23584	23852
7.87241	23852	24120
7.87338	24120	24388
7.89523	24388	24656
7.89739	24656	1072
7.91923	1072	1340
7.92647	1340	1608
7.93349	1608	1876
7.94323	1876	2144
7.94988	2144	2412
7.95084	2412	2680
7.96723	2680	2948
7.96841	2948	3216
7.97366	3216	3484
7.99123	3484	3752
7.99241	3752	4020
7.99338	4020	4288
8.01523	4288	4556
8.01641	4556	4824
8.01738	4824	5092
8.03923	5092	5360
8.04041	5360	5628
8.04138	5628	5896
8.06323	5896	6164
8.06441	6164	6432
8.06538	6432	6700
8.08723	6700	6968
8.08841	6968	7236
8.08938	7236	7504
8.11123	7504	7772
8.11241	7772	8040
8.11338	8040	8308
8.13523	8308	8576
8.13641	8576	8844
8.13738	8844	9112
8.15923	9112	9380
8.16041	9380	9648
8.16138	9648	9916
8.18323	9916	10184
8.18441	10184	10452
8.18538	10452	10720
8.20723	10720	10988
8.20841	10988	11256
8.20938	11256	11524
8.23123	11524	11792
8.23241	11792	12060
8.23338	12060	12328
8.25523	12328	12596
8.25641	12596	12864
8.25738	12864	13132
8.27923	13132	13400
8.28041	13400	13668
8.28138	13668	13936
8.30323	13936	14204
8.30441	14204	14472
8.30538	14472	14740
8.32723	14740	15008
8.32841	15008	15276
8.32938	15276	15544
8.35123	15544	15812
8.35241	15812	16080
8.35338	16080	16348
8.37523	16348	16616
8.37641	16616	16884
8.37738	16884	17152
8.39923	17152	17420
8.40041	17420	17688
8.40138	17688	17956
8.42323	17956	18224
8.42441	18224	18492
8.42538	18492	18760
8.44723	18760	19028
8.44841	19028	19296
8.44938	19296	19564
8.47123	19564	19832
8.47241	19832	20100
8.47338	20100	20368
8.49523	20368	20636
8.49641	20636	20904
8.49738	20904	21172
8.51923	21172	21440
8.52041	21440	21708
8.52138	21708	21976
8.54323	21976	22244
8.54441	22244	22512
8.54538	22512	22780
8.56723	22780	23048
8.56841	23048	23316
8.56938	23316	23584
8.59123	23584	23852
8.59241	23852	24120
8.59338	24120	24388
8.61523	24388	24656
8.61641	24656	24924
8.61738	24924	25192
8.63923	25192	25460
8.64041	25460	25728
8.64138	25728	25996
8.66323	25996	26264
8.66441	26264	26532
8.66538	26532	26800
8.68723	26800	27068
8.68841	27068	27336
8.68938	27336	27604
8.71123	27604	27872
8.71241	27872	28140
8.71338	28140	28408
8.73523	28408	28676
8.73641	28676	28944
8.73738	28944	29212
8.75923	29212	29480
8.76041	29480	29748
8.76138	29748	30016
8.78323	30016	30284
8.78441	30284	30552
8.78538	30552	30820
8.80723	30820	31088
8.80841	31088	31356
8.80938	31356	31624
8.83123	31624	31892
8.83241	31892	32160
8.83338	32160	32428
8.85523	32428	32696
8.85641	32696	32964
8.85738	32964	33232
8.87923	33232	33500
8.88041	33500	33768
8.88138	33768	34036
8.90323	34036	34304
8.90441	34304	34572
8.90538	34572	34840
8.92723	34840	35108
8.92841	35108	35376
8.92938	35376	35644
8.95123	35644	35912
8.95241	35912	36180
8.95338	36180	36448
8.97523	36448	36716
8.97641	36716	36984
8.97738	36984	37252
8.99923	37252	37520
9.00041	37520	37788
9.00138	37788	38056
9.02323	38056	38324
9.02441	38324	38592
9.02538	38592	38860
9.04723	38860	39128
9.04841	39128	39396
9.04938	39396	39664
9.07123	39664	39932
9.07241	39932	40200
9.07338	40200	40468
9.09523	40468	40736
9.09641	40736	41004
9.09738	41004	41272
9.11923	41272	41540
9.12041	41540	41808
9.12138	41808	42076
9.14323	42076	42344
9.14539	42344	1072
9.16723	1072	1340
9.17447	1340	1608
9.18149	1608	1876
9.19123	1876	2144
9.19788	2144	2412
9.19884	2412	2680
9.21523	2680	2948
9.21641	2948	3216
9.22166	3216	3484
9.23923	3484	3752
9.24041	3752	4020
9.24138	4020	4288
9.26323	4288	4556
9.26441	4556	4824
9.26538	4824	5092
9.28723	5092	5360
9.28841	5360	5628
9.28938	5628	5896
9.31123	5896	6164
9.31241	6164	6432
9.31338	6432	6700
9.33523	6700	6968
9.33641	6968	7236
9.33738	7236	7504
9.35923	7504	7772
9.36041	7772	8040
9.36138	8040	8308
9.38323	8308	8576
9.38441	8576	8844
9.38538	8844	9112
9.40723	9112	9380
9.40841	9380	9648
9.40938	9648	9916
9.43123	9916	10184
9.43241	10184	10452
9.43338	10452	10720
9.45523	10720	10988
9.45641	10988	11256
9.45738	11256	11524
9.47923	11524	11792
9.48041	11792	12060
9.48138	12060	12328
9.50323	12328	12596
9.50441	12596	12864
9.50538	12864	13132
9.52723	13132	13400
9.52841	13400	13668
9.52938	13668	13936
9.55123	13936	14204
9.55241	14204	14472
9.55338	14472	14740
9.57523	14740	15008
9.57641	15008	15276
9.57738	15276	15544
9.59923	15544	15812
9.60041	15812	16080
9.60138	16080	16348
9.62323	16348	16616
9.62441	16616	16884
9.62538	16884	17152
9.64723	17152	17420
9.64841	17420	17688
9.64938	17688	17956
9.67123	17956	18224
9.67241	18224	18492
9.67338	18492	18760
9.69523	18760	19028
9.69641	19028	19296
9.69738	19296	19564
9.71923	19564	19832
9.72041	19832	20100
9.72138	20100	20368
9.74323	20368	20636
9.74441	20636	20904
9.74538	20904	21172
9.76723	21172	21440
9.76841	21440	21708
9.76938	21708	21976
9.79123	21976	22244
9.79241	22244	22512
9.79338	22512	22780
9.81523	22780	23048
9.81641	23048	23316
9.81738	23316	23584
9.83923	23584	23852
9.84041	23852	24120
9.84138	24120	24388
9.86323	24388	24656
9.86441	24656	24924
9.86538	24924	25192
9.88723	25192	25460
9.88841	25460	25728
9.88938	25728	25996
9.91123	25996	26264
9.91241	26264	26532
9.91338	26532	26800
9.93523	26800	27068
9.93641	27068	27336
9.93738	27336	27604
9.95923	27604	27872
9.96041	27872	28140
9.96138	28140	28408
9.98323	28408	28676
9.98441	28676	28944
9.98538	28944	29212
10.0072	29212	29480
10.0084	29480	29748
10.0094	29748	30016
10.0312	30016	30284
10.0324	30284	30552
10.0334	30552	30820
10.0552	30820	31088
10.0564	31088	31356
10.0574	31356	31624
10.0792	31624	31892
10.0804	31892	32160
10.0814	32160	32428
10.1032	32428	32696
10.1044	32696	32964
10.1054	32964	33232
10.1272	33232	33500
10.1284	33500	33768
10.1294	33768	34036
10.1512	34036	34304
10.1524	34304	34572
10.1534	34572	34840
10.1752	34840	35108
10.1764	35108	35376
10.1774	35376	35644
10.1992	35644	35912
10.2004	35912	36180
10.2014	36180	36448
10.2232	36448	36716
10.2244	36716	36984
10.2254	36984	37252
10.2472	37252	37520
10.2484	37520	37788
10.2494	37788	38056
10.2712	38056	38324
10.2724	38324	38592
10.2734	38592	38860
10.2952	38860	39128
10.2964	39128	39396
10.2974	39396	39664
10.3192	39664	39932
10.3204	39932	40200
10.3214	40200	40468
10.3432	40468	40736
10.3444	40736	41004
10.3454	41004	41272
10.3672	41272	41540
10.3684	41540	41808
10.3694	41808	42076
10.3912	42076	42344
10.3924	42344	42612
10.3934	42612	42880
10.4152	42880	43148
10.4164	43148	43416
10.4174	43416	43684
10.4392	43684	43952
10.4404	43952	44220
10.4414	44220	44488
10.4632	44488	44756
10.4644	44756	45024
10.4654	45024	45292
10.4872	45292	45560
10.4884	45560	45828
10.4894	45828	46096
10.5112	46096	46364
10.5124	46364	46632
10.5134	46632	46900
10.5352	46900	47168
10.5364	47168	47436
10.5374	47436	47704
10.5592	47704	47972
10.5604	47972	48240
10.5614	48240	48508
10.5832	48508	48776
10.5844	48776	49044
10.5854	49044	49312
10.6072	49312	49580
10.6084	49580	49848
10.6094	49848	50116
10.6312	50116	50384
10.6324	50384	50652
10.6334	50652	50920
10.6552	50920	51188
10.6564	51188	51456
10.6574	51456	51724
10.6792	51724	51992
10.6804	51992	52260
10.6814	52260	52528
10.7032	52528	52796
10.7044	52796	53064
10.7054	53064	53332
10.7272	53332	53600
10.7284	53600	53868
10.7294	53868	54136
10.7512	54136	54404
10.7524	54404	54672
10.7534	54672	54940
10.7752	54940	55208
10.7764	55208	55476
10.7774	55476	55744
10.7992	55744	56012
10.8004	56012	56280
10.8232	56280	1072
10.8472	1072	1340
10.8545	1340	1608
10.8615	1608	1876
10.8712	1876	2144
10.8779	2144	2412
10.8788	2412	2680
10.8952	2680	2948
10.8964	2948	3216
10.9017	3216	3484
10.9192	3484	3752
10.9204	3752	4020
10.9214	4020	4288
10.9432	4288	4556
10.9444	4556	4824
10.9454	4824	5092
10.9672	5092	5360
10.9684	5360	5628
10.9694	5628	5896
10.9912	5896	6164
10.9924	6164	6432
10.9934	6432	6700
11.0152	6700	6968
11.0164	6968	7236
11.0174	7236	7504
11.0392	7504	7772
11.0404	7772	8040
11.0414	8040	8308
11.0632	8308	8576
11.0644	8576	8844
11.0654	8844	9112
11.0872	9112	9380
11.0884	9380	9648
11.0894	9648	9916
11.1112	9916	10184
11.1124	10184	10452
11.1134	10452	10720
11.1352	10720	10988
11.1364	10988	11256
11.1374	11256	11524
11.1592	11524	11792
11.1604	11792	12060
11.1614	12060	12328
11.1832	12328	12596
11.1844	12596	12864
11.2072	12864	1072
11.2312	1072	1340
11.2385	1340	1608
11.2455	1608	1876
11.2552	1876	2144
11.2619	2144	2412
11.2628	2412	2680
11.2792	2680	2948
11.2804	2948	3216
11.2857	3216	3484
11.3032	3484	3752
11.3044	3752	4020
11.3054	4020	4288
11.3284	4288	1072
11.3512	1072	1340
11.3585	1340	1608
11.3655	1608	1876
11.3752	1876	2144
11.3819	2144	2412
11.3828	2412	2680
11.3992	2680	2948
11.4004	2948	3216
11.4057	3216	3484
11.4232	3484	3752
11.4244	3752	4020
11.4254	4020	4288
11.4472	4288	4556
11.4484	4556	4824
11.4494	4824	5092
11.4712	5092	5360
11.473	5360	5628
11.4947	5628	1232
11.5192	1232	1500
11.5265	1500	1768
11.5335	1768	2036
11.5432	2036	2304
11.5499	2304	2572
11.5508	2572	2840
11.5672	2840	3108
11.5684	3108	3376
11.5737	3376	3644
11.5912	3644	3912
11.5924	3912	4180
11.5934	4180	4448
11.6152	4448	4716
11.6164	4716	4984
11.6174	4984	5252
11.6392	5252	5520
11.6404	5520	5788
11.6414	5788	6056
11.6632	6056	6324
11.6644	6324	6592
11.6654	6592	6860
11.6872	6860	7128
11.6884	7128	7396
11.6894	7396	7664
11.7112	7664	7932
11.7124	7932	8200
11.7134	8200	8468
11.7352	8468	8736
11.7364	8736	9004
11.7374	9004	9272
11.7592	9272	9540
11.7604	9540	9808
11.7614	9808	10076
11.7832	10076	10344
11.7844	10344	10612
11.7854	10612	10880
11.8072	10880	11148
11.8084	11148	11416
11.8094	11416	11684
11.8312	11684	11952
11.8324	11952	12220
11.8334	12220	12488
11.8552	12488	12756
11.8564	12756	13024
11.8574	13024	13292
11.8792	13292	13560
11.8804	13560	13828
11.8814	13828	14096
11.9032	14096	14364
11.9044	14364	14632
11.9054	14632	14900
11.9272	14900	15168
11.9284	15168	15436
11.9294	15436	15704
11.9512	15704	15972
11.9524	15972	16240
11.9534	16240	16508
11.9752	16508	16776
11.9764	16776	17044
11.9774	17044	17312
11.9992	17312	17580
12.0004	17580	17848
12.0014	17848	18116
12.0232	18116	18384
12.0244	18384	18652
12.0254	18652	18920
12.0472	18920	19188
12.0484	19188	19456
12.0494	19456	19724
12.0712	19724	19992
12.0724	19992	20260
12.0734	20260	20528
12.0952	20528	20796
12.0964	20796	21064
12.0974	21064	21332
12.1192	21332	21600
12.1204	21600	21868
12.1214	21868	22136
12.1432	22136	22404
12.1444	22404	22672
12.1454	22672	22940
12.1672	22940	23208
12.1684	23208	23476
12.1694	23476	23744
12.1912	23744	24012
12.1924	24012	24280
12.1934	24280	24548
12.2152	24548	24816
12.2164	24816	25084
12.2174	25084	25352
12.2392	25352	25620
12.2404	25620	25888
12.2414	25888	26156
12.2632	26156	26424
12.2644	26424	26692
12.2654	26692	26960
12.2872	26960	27228
12.2884	27228	27496
12.2894	27496	27764
12.3112	27764	28032
12.3124	28032	28300
12.3134	28300	28568
12.3352	28568	28836
12.3364	28836	29104
12.3374	29104	29372
12.3592	29372	29640
12.3604	29640	29908
12.3614	29908	30176
12.3832	30176	30444
12.3844	30444	30712
12.3854	30712	30980
12.4072	30980	31248
12.4084	31248	31516
12.4094	31516	31784
12.4312	31784	32052
12.4324	32052	32320
12.4334	32320	32588
12.4552	32588	32856
12.4564	32856	33124
12.4574	33124	33392
12.4792	33392	33660
12.4804	33660	33928
12.4814	33928	34196
12.5032	34196	34464
12.5044	34464	34732
12.5054	34732	35000
12.5272	35000	35268
12.5284	35268	35536
12.5294	35536	35804
12.5512	35804	36072
12.5524	36072	36340
12.5534	36340	36608
12.5752	36608	36876
12.5764	36876	37144
12.5774	37144	37412
12.5992	37412	37680
12.6004	37680	37948
12.6014	37948	38216
12.6232	38216	38484
12.6244	38484	38752
12.6254	38752	39020
12.6472	39020	39288
12.6484	39288	39556
12.6494	39556	39824
12.6712	39824	40092
12.6724	40092	40360
12.6734	40360	40628
12.6952	40628	40896
12.6964	40896	41164
12.7192	41164	1072
12.7432	1072	1340
12.7505	1340	1608
12.7575	1608	1876
12.7672	1876	2144
12.7739	2144	2412
12.7748	2412	2680
12.7912	2680	2948
12.7924	2948	3216
12.8152	3216	1072
12.8392	1072	1340
12.8465	1340	1608
12.8535	1608	1876
12.8632	1876	2144
12.8699	2144	2412
12.8708	2412	2680
12.8872	2680	2948
12.8884	2948	3216
12.8937	3216	3484
12.9112	3484	3752
12.9124	3752	4020
12.9134	4020	4288
12.937	4288	1072
12.9592	1072	1340
12.9665	1340	1608
12.9735	1608	1876
12.9832	1876	2144
12.9899	2144	2412
12.9908	2412	2680
13.0072	2680	2948
13.0084	2948	3216
13.0137	3216	3484
13.0312	3484	3752
13.0324	3752	4020
13.0334	4020	4288
13.0552	4288	4556
13.0564	4556	4824
13.0574	4824	5092
13.0792	5092	5360
13.0804	5360	5628
13.0814	5628	5896
13.1032	5896	6164
13.1044	6164	6432
13.1054	6432	6700
13.1272	6700	6968
13.1284	6968	7236
13.1294	7236	7504
13.1512	7504	7772
13.1524	7772	8040
13.1534	8040	8308
13.1752	8308	8576
13.1764	8576	8844
13.1774	8844	9112
13.1992	9112	9380
13.2004	9380	9648
13.2014	9648	9916
13.2232	9916	10184
13.2244	10184	10452
13.2254	10452	10720
13.2472	10720	10988
13.2484	10988	11256
13.2494	11256	11524
13.2712	11524	11792
13.2724	11792	12060
13.2734	12060	12328
13.2952	12328	12596
13.2964	12596	12864
13.2974	12864	13132
13.3192	13132	13400
13.3204	13400	13668
13.3214	13668	13936
13.3432	13936	14204
13.3444	14204	14472
13.3454	14472	14740
13.3672	14740	15008
13.3684	15008	15276
13.3694	15276	15544
13.3912	15544	15812
13.3924	15812	16080
13.3934	16080	16348
13.4152	16348	16616
13.4164	16616	16884
13.4174	16884	17152
13.4392	17152	17420
13.4404	17420	17688
13.4414	17688	17956
13.4632	17956	18224
13.4644	18224	18492
13.4654	18492	18760
13.4872	18760	19028
13.4884	19028	19296
13.4894	19296	19564
13.5112	19564	19832
13.5124	19832	20100
13.5134	20100	20368
13.5352	20368	20636
13.5364	20636	20904
13.5374	20904	21172
13.5592	21172	21440
13.5604	21440	21708
13.5614	21708	21976
13.5832	21976	22244
13.5844	22244	22512
13.5854	22512	22780
13.6072	22780	23048
13.6084	23048	23316
13.6094	23316	23584
13.6312	23584	23852
13.6324	23852	24120
13.6334	24120	24388
13.6558	24388	24656
13.657	24656	1072
13.6792	1072	1340
13.6865	1340	1608
13.6935	1608	1876
13.7032	1876	2144
13.7099	2144	2412
13.7108	2412	2680
13.7272	2680	2948
13.7284	2948	3216
13.7337	3216	3484
13.7512	3484	3752
13.7524	3752	4020
13.7534	4020	4288
13.7752	4288	4556
13.7764	4556	4824
13.7774	4824	5092
13.7992	5092	5360
13.8004	5360	5628
13.8014	5628	5896
13.8232	5896	6164
13.8244	6164	6432
13.8254	6432	6700
13.8472	6700	6968
13.8484	6968	7236
13.8494	7236	7504
13.8712	7504	7772
13.8724	7772	8040
13.8734	8040	8308
13.8952	8308	8576
13.8964	8576	8844
13.8974	8844	9112
13.9192	9112	9380
13.9204	9380	9648
13.9214	9648	9916
13.9432	9916	10184
13.9444	10184	10452
13.9454	10452	10720
13.9672	10720	10988
13.9684	10988	11256
13.9694	11256	11524
13.9912	11524	11792
13.9924	11792	12060
13.9934	12060	12328
14.0152	12328	12596
14.0164	12596	12864
14.0174	12864	13132
14.0392	13132	13400
14.0404	13400	13668
14.0414	13668	13936
14.0632	13936	14204
14.0644	14204	14472
14.0654	14472	14740
14.0872	14740	15008
14.0884	15008	15276
14.0894	15276	15544
14.1112	15544	15812
14.1124	15812	16080
14.1134	16080	16348
14.1352	16348	16616
14.1364	16616	16884
14.1374	16884	17152
14.1592	17152	17420
14.1604	17420	17688
14.1614	17688	17956
14.1832	17956	18224
14.1844	18224	18492
14.1854	18492	18760
14.2072	18760	19028
14.2084	19028	19296
14.2094	19296	19564
14.2312	19564	19832
14.2324	19832	20100
14.2334	20100	20368
14.2552	20368	20636
14.2564	20636	20904
14.2574	20904	21172
14.2792	21172	21440
14.2804	21440	21708
14.2814	21708	21976
14.3032	21976	22244
14.3044	22244	22512
14.3054	22512	22780
14.3272	22780	23048
14.3284	23048	23316
14.3294	23316	23584
14.3512	23584	23852
14.3524	23852	24120
14.3534	24120	24388
14.3752	24388	24656
14.3764	24656	24924
14.3774	24924	25192
14.3992	25192	25460
14.4004	25460	25728
14.4014	25728	25996
14.4232	25996	26264
14.4244	26264	26532
14.4254	26532	26800
14.4472	26800	27068
14.4484	27068	27336
14.4494	27336	27604
14.4712	27604	27872
14.4724	27872	28140
14.4734	28140	28408
14.4952	28408	28676
14.4964	28676	28944
14.4974	28944	29212
14.5192	29212	29480
14.5204	29480	29748
14.5214	29748	30016
14.5432	30016	30284
14.5444	30284	30552
14.5454	30552	30820
14.5672	30820	31088
14.5684	31088	31356
14.5694	31356	31624
14.5912	31624	31892
14.5924	31892	32160
14.5934	32160	32428
14.6152	32428	32696
14.6164	32696	32964
14.6174	32964	33232
14.6392	33232	33500
14.6404	33500	33768
14.6414	33768	34036
14.6632	34036	34304
14.6644	34304	34572
14.6654	34572	34840
14.6872	34840	35108
14.6884	35108	35376
14.6894	35376	35644
14.7112	35644	35912
14.7124	35912	36180
14.7134	36180	36448
14.7352	36448	36716
14.7364	36716	36984
14.7374	36984	37252
14.7592	37252	37520
14.7604	37520	37788
14.7614	37788	38056
14.7832	38056	38324
14.7854	38324	1072
14.8072	1072	1340
14.8145	1340	1608
14.8215	1608	1876
14.8312	1876	2144
14.8379	2144	2412
14.8388	2412	2680
14.8552	2680	2948
14.8564	2948	3216
14.8617	3216	3484
14.8792	3484	3752
14.8804	3752	4020
14.8814	4020	4288
14.9032	4288	4556
14.9044	4556	4824
14.9054	4824	5092
14.9272	5092	5360
14.9284	5360	5628
14.9294	5628	5896
14.9512	5896	6164
14.9524	6164	6432
14.9534	6432	6700
14.9752	6700	6968
14.9764	6968	7236
14.9774	7236	7504
14.9992	7504	7772
15.0004	7772	8040
15.0014	8040	8308
15.0232	8308	8576
15.0244	8576	8844
15.0254	8844	9112
15.0472	9112	9380
15.0484	9380	9648
15.0494	9648	9916
15.0712	9916	10184
15.0724	10184	10452
15.0734	10452	10720
15.0952	10720	10988
15.0964	10988	11256
15.0974	11256	11524
15.1192	11524	11792
15.1204	11792	12060
15.1214	12060	12328
15.1432	12328	12596
15.1444	12596	12864
15.1454	12864	13132
15.1672	13132	13400
15.1684	13400	13668
15.1694	13668	13936
15.1912	13936	14204
15.1924	14204	14472
15.2152	14472	1072
15.2392	1072	1340
15.2465	1340	1608
15.2535	1608	1876
15.2632	1876	2144
15.2699	2144	2412
15.2708	2412	2680
15.2872	2680	2948
15.2884	2948	3216
15.2937	3216	3484
15.3112	3484	3752
15.3124	3752	4020
15.3134	4020	4288
15.3352	4288	4556
15.3364	4556	4824
15.3374	4824	5092
15.3592	5092	5360
15.3604	5360	5628
15.3614	5628	5896
15.3832	5896	6164
15.3844	6164	6432
15.3854	6432	6700
15.4072	6700	6968
15.4084	6968	7236
15.4094	7236	7504
15.4312	7504	7772
15.4324	7772	8040
15.4334	8040	8308
15.4552	8308	8576
15.4564	8576	8844
15.4574	8844	9112
15.4792	9112	9380
15.4804	9380	9648
15.4814	9648	9916
15.5032	9916	10184
15.5044	10184	10452
15.5054	10452	10720
15.5272	10720	10988
15.5284	10988	11256
15.5294	11256	11524
15.5512	11524	11792
15.5524	11792	12060
15.5534	12060	12328
15.5752	12328	12596
15.5764	12596	12864
15.5774	12864	13132
15.5992	13132	13400
15.6004	13400	13668
15.6014	13668	13936
15.6232	13936	14204
15.6244	14204	14472
15.6254	14472	14740
15.6472	14740	15008
15.6484	15008	15276
15.6494	15276	15544
15.6712	15544	15812
15.6724	15812	16080
15.6734	16080	16348
15.6952	16348	16616
15.6964	16616	16884
15.6974	16884	17152
15.7192	17152	17420
15.7204	17420	17688
15.7214	17688	17956
15.7432	17956	18224
15.7444	18224	18492
15.7454	18492	18760
15.7672	18760	19028
15.7684	19028	19296
15.7694	19296	19564
15.7912	19564	19832
15.7924	19832	20100
15.7934	20100	20368
15.8152	20368	20636
15.8164	20636	20904
15.8174	20904	21172
15.8392	21172	21440
15.8404	21440	21708
15.8414	21708	21976
15.8632	21976	22244
15.8644	22244	22512
15.8654	22512	22780
15.8872	22780	23048
15.8884	23048	23316
15.8894	23316	23584
15.9112	23584	23852
15.9124	23852	24120
15.9134	24120	24388
15.9352	24388	24656
15.9364	24656	24924
15.9374	24924	25192
15.9592	25192	25460
15.9604	25460	25728
15.9614	25728	25996
15.9832	25996	26264
15.9844	26264	26532
15.9854	26532	26800
16.0072	26800	27068
16.0084	27068	27336
16.0094	27336	27604
16.0312	27604	27872
16.0324	27872	28140
16.0334	28140	28408
16.0552	28408	28676
16.057	28676	28944
16.0787	28944	1232
16.1032	1232	1500
16.1105	1500	1768
16.1175	1768	2036
16.1272	2036	2304
16.1339	2304	2572
16.1348	2572	2840
16.1512	2840	3108
16.1524	3108	3376
16.1577	3376	3644
16.1752	3644	3912
16.1764	3912	4180
16.1774	4180	4448
16.1992	4448	4716
16.2004	4716	4984
16.2014	4984	5252
16.2232	5252	5520
16.2244	5520	5788
16.2254	5788	6056
16.2472	6056	6324
16.2484	6324	6592
16.2494	6592	6860
16.2712	6860	7128
16.2724	7128	7396
16.2734	7396	7664
16.2952	7664	7932
16.2964	7932	8200
16.2974	8200	8468
16.3192	8468	8736
16.3204	8736	9004
16.3214	9004	9272
16.3432	9272	9540
16.3444	9540	9808
16.3454	9808	10076
16.3672	10076	10344
16.3684	10344	10612
16.3694	10612	10880
16.3912	10880	11148
16.3924	11148	11416
16.3934	11416	11684
16.4152	11684	11952
16.4164	11952	12220
16.4174	12220	12488
16.4392	12488	12756
16.4404	12756	13024
16.4414	13024	13292
16.4638	13292	13560
16.465	13560	1072
16.4872	1072	1340
16.4945	1340	1608
16.5015	1608	1876
16.5112	1876	2144
16.5179	2144	2412
16.5188	2412	2680
16.5352	2680	2948
16.5364	2948	3216
16.5417	3216	3484
16.5592	3484	3752
16.5604	3752	4020
16.5614	4020	4288
16.5832	4288	4556
16.5844	4556	4824
16.5854	4824	5092
16.6072	5092	5360
16.6084	5360	5628
16.6094	5628	5896
16.6312	5896	6164
16.6324	6164	6432
16.6334	6432	6700
16.6552	6700	6968
16.6564	6968	7236
16.6574	7236	7504
16.6792	7504	7772
16.6804	7772	8040
16.6814	8040	8308
16.7032	8308	8576
16.7044	8576	8844
16.7054	8844	9112
16.7272	9112	9380
16.7284	9380	9648
16.7294	9648	9916
16.7512	9916	10184
16.7524	10184	10452
16.7534	10452	10720
16.7752	10720	10988
16.7764	10988	11256
16.7774	11256	11524
16.7992	11524	11792
16.8004	11792	12060
16.8014	12060	12328
16.8232	12328	12596
16.8244	12596	12864
16.8254	12864	13132
16.8472	13132	13400
16.8484	13400	13668
16.8494	13668	13936
16.8712	13936	14204
16.8724	14204	14472
16.8734	14472	14740
16.8952	14740	15008
16.8964	15008	15276
16.8974	15276	15544
16.9192	15544	15812
16.9204	15812	16080
16.9214	16080	16348
16.9432	16348	16616
16.9444	16616	16884
16.9454	16884	17152
16.9672	17152	17420
16.9684	17420	17688
16.9694	17688	17956
16.9912	17956	18224
16.9924	18224	18492
16.9934	18492	18760
17.0152	18760	19028
17.0164	19028	19296
17.0174	19296	19564
17.0392	19564	19832
17.0404	19832	20100
17.0414	20100	20368
17.0632	20368	20636
17.0644	20636	20904
17.0654	20904	21172
17.0872	21172	21440
17.0884	21440	21708
17.0894	21708	21976
17.1112	21976	22244
17.1124	22244	22512
17.1134	22512	22780
17.1352	22780	23048
17.1364	23048	23316
17.1374	23316	23584
17.1592	23584	23852
17.1614	23852	1072
17.1832	1072	1340
17.1905	1340	1608
17.1975	1608	1876
17.2072	1876	2144
17.2139	2144	2412
17.2148	2412	2680
17.2312	2680	2948
17.2324	2948	3216
17.2377	3216	3484
17.2552	3484	3752
17.2564	3752	4020
17.2574	4020	4288
17.2798	4288	4556
17.281	4556	1072
17.5026	1072	1340
17.5226	1340	1072
17.5359	1072	1340
17.5431	1340	1608
17.5504	1608	1876
17.557	1876	2144
17.5636	2144	2412
17.5648	2412	2680
17.5709	2680	2948
17.5721	2948	3216
17.5775	3216	3484
17.5787	3484	3752
17.5799	3752	4020
17.5848	4020	4288
17.5859	4288	4556
17.5871	4556	4824
17.5914	4824	5092
17.5926	5092	5360
17.5938	5360	5628
17.5949	5628	5896
17.598	5896	6164
17.5992	6164	6432
17.6004	6432	6700
17.6016	6700	6968
17.6028	6968	7236
17.6047	7236	7504
17.6059	7504	7772
17.607	7772	8040
17.6082	8040	8308
17.6094	8308	8576
17.6106	8576	8844
17.6118	8844	9112
17.6129	9112	9380
17.6141	9380	9648
17.6153	9648	9916
17.6165	9916	10184
17.6177	10184	10452
17.6188	10452	10720
17.6197	10720	10988
17.6392	10988	11256
17.6404	11256	11524
17.6414	11524	11792
17.6632	11792	12060
17.6644	12060	12328
17.6654	12328	12596
17.6872	12596	12864
17.6884	12864	13132
17.6894	13132	13400
17.7112	13400	13668
17.7124	13668	13936
17.7134	13936	14204
17.7352	14204	14472
17.7364	14472	14740
17.7374	14740	15008
17.7592	15008	15276
17.7604	15276	15544
17.7614	15544	15812
17.7832	15812	16080
17.7844	16080	16348
17.7854	16348	16616
17.8072	16616	16884
17.8084	16884	17152
17.8094	17152	17420
17.8312	17420	17688
17.8324	17688	17956
17.8334	17956	18224
17.8552	18224	18492
17.8564	18492	18760
17.8574	18760	19028
17.8792	19028	19296
17.8804	19296	19564
17.8814	19564	19832
17.9032	19832	20100
17.9044	20100	20368
17.9054	20368	20636
17.9272	20636	20904
17.9284	20904	21172
17.9294	21172	21440
17.9512	21440	21708
17.9524	21708	21976
17.9534	21976	22244
17.9752	22244	22512
17.9764	22512	22780
17.9774	22780	23048
17.9992	23048	23316
18.0004	23316	23584
18.0014	23584	23852
18.0232	23852	24120
18.0244	24120	24388
18.0254	24388	24656
18.0472	24656	24924
18.0484	24924	25192
18.0494	25192	25460
18.0712	25460	25728
18.0724	25728	25996
18.0734	25996	26264
18.0952	26264	26532
18.0964	26532	26800
18.0974	26800	27068
18.1192	27068	27336
18.1204	27336	27604
18.1214	27604	27872
18.1432	27872	28140
18.1444	28140	28408
18.1454	28408	28676
18.1672	28676	28944
18.1684	28944	29212
18.1694	29212	29480
18.1912	29480	29748
18.1924	29748	30016
18.1934	30016	30284
18.2152	30284	30552
18.2164	30552	30820
18.2174	30820	31088
18.2392	31088	31356
18.2404	31356	31624
18.2414	31624	31892
18.2632	31892	32160
18.2644	32160	32428
18.2654	32428	32696
18.2872	32696	32964
18.2884	32964	33232
18.2894	33232	33500
18.3112	33500	33768
18.3124	33768	34036
18.3134	34036	34304
18.3352	34304	34572
18.3364	34572	34840
18.3374	34840	35108
18.3592	35108	35376
18.3604	35376	35644
18.3827	35644	35912
18.3838	35912	1072
18.4072	1072	1340
18.4145	1340	1608
18.4215	1608	1876
18.4312	1876	2144
18.4379	2144	2412
18.4388	2412	2680
18.4552	2680	2948
18.4564	2948	3216
18.4617	3216	3484
18.4792	3484	3752
18.4804	3752	4020
18.4814	4020	4288
18.5032	4288	4556
18.5044	4556	4824
18.5054	4824	5092
18.5272	5092	5360
18.5284	5360	5628
18.5294	5628	5896
18.5512	5896	6164
18.5524	6164	6432
18.5534	6432	6700
18.5752	6700	6968
18.5764	6968	7236
18.5774	7236	7504
18.5992	7504	7772
18.6004	7772	8040
18.6014	8040	8308
18.6232	8308	8576
18.6244	8576	8844
18.6254	8844	9112
18.6472	9112	9380
18.6484	9380	9648
18.6494	9648	9916
18.6712	9916	10184
18.6724	10184	10452
18.6734	10452	10720
18.6952	10720	10988
18.6964	10988	11256
18.6974	11256	11524
18.7192	11524	11792
18.7204	11792	12060
18.7214	12060	12328
18.7432	12328	12596
18.7444	12596	12864
18.7454	12864	13132
18.7672	13132	13400
18.7684	13400	13668
18.7694	13668	13936
18.7912	13936	14204
18.7924	14204	14472
18.7934	14472	14740
18.8152	14740	15008
18.8164	15008	15276
18.8174	15276	15544
18.8392	15544	15812
18.8404	15812	16080
18.8414	16080	16348
18.8632	16348	16616
18.8644	16616	16884
18.8654	16884	17152
18.8872	17152	17420
18.8884	17420	17688
18.8894	17688	17956
18.9112	17956	18224
18.9124	18224	18492
18.9134	18492	18760
18.9352	18760	19028
18.9364	19028	19296
18.9374	19296	19564
18.9592	19564	19832
18.9604	19832	20100
18.9614	20100	20368
18.9832	20368	20636
18.9844	20636	20904
18.9854	20904	21172
19.0072	21172	21440
19.0084	21440	21708
19.0094	21708	21976
19.0312	21976	22244
19.0324	22244	22512
19.0334	22512	22780
19.0552	22780	23048
19.0564	23048	23316
19.0574	23316	23584
19.0792	23584	23852
19.0804	23852	24120
19.0814	24120	24388
19.1032	24388	24656
19.1044	24656	24924
19.1054	24924	25192
19.1272	25192	25460
19.1284	25460	25728
19.1294	25728	25996
19.1512	25996	26264
19.1524	26264	26532
19.1534	26532	26800
19.1752	26800	27068
19.1764	27068	27336
19.1774	27336	27604
19.1992	27604	27872
19.2004	27872	28140
19.2014	28140	28408
19.2232	28408	28676
19.2244	28676	28944
19.2254	28944	29212
19.2472	29212	29480
19.2484	29480	29748
19.2494	29748	30016
19.2712	30016	30284
19.2724	30284	30552
19.2734	30552	30820
19.2952	30820	31088
19.2964	31088	31356
19.2974	31356	31624
19.3192	31624	31892
19.3204	31892	32160
19.3214	32160	32428
19.3432	32428	32696
19.3444	32696	32964
19.3454	32964	33232
19.3672	33232	33500
19.3684	33500	33768
19.3694	33768	34036
19.3912	34036	34304
19.3924	34304	34572
19.3934	34572	34840
19.4152	34840	35108
19.4164	35108	35376
19.4174	35376	35644
19.4392	35644	35912
19.4404	35912	36180
19.4414	36180	36448
19.4632	36448	36716
19.4644	36716	36984
19.4654	36984	37252
19.4872	37252	37520
19.4884	37520	37788
19.4894	37788	38056
19.5112	38056	38324
19.5124	38324	38592
19.5134	38592	38860
19.5352	38860	39128
19.5364	39128	39396
19.5374	39396	39664
19.5592	39664	39932
19.5604	39932	40200
19.5614	40200	40468
19.5832	40468	40736
19.5844	40736	41004
19.5854	41004	41272
19.6072	41272	41540
19.6084	41540	41808
19.6094	41808	42076
19.6312	42076	42344
19.6324	42344	42612
19.6334	42612	42880
19.6552	42880	43148
19.6564	43148	43416
19.6574	43416	43684
19.6792	43684	43952
19.6804	43952	44220
19.6814	44220	44488
19.7032	44488	44756
19.7044	44756	45024
19.7054	45024	45292
19.7272	45292	45560
19.7284	45560	45828
19.7294	45828	46096
19.7512	46096	46364
19.7524	46364	46632
19.7534	46632	46900
19.7752	46900	47168
19.7764	47168	47436
19.7774	47436	47704
19.7992	47704	47972
19.8004	47972	48240
19.8014	48240	48508
19.8232	48508	48776
19.8244	48776	49044
19.8254	49044	49312
19.8472	49312	49580
19.8484	49580	49848
19.8494	49848	50116
19.8712	50116	50384
19.8724	50384	50652
19.8734	50652	50920
19.8952	50920	51188
19.8974	51188	1072
19.9192	1072	1340
19.9265	1340	1608
19.9335	1608	1876
19.9432	1876	2144
19.9499	2144	2412
19.9508	2412	2680
19.9672	2680	2948
19.9684	2948	3216
19.9737	3216	3484
19.9912	3484	3752
19.9924	3752	4020
19.9934	4020	4288
20.0152	4288	4556
20.0164	4556	4824
20.0174	4824	5092
20.0392	5092	5360
20.0404	5360	5628
20.0414	5628	5896
20.0632	5896	6164
20.0644	6164	6432
20.0654	6432	6700
20.0872	6700	6968
20.0884	6968	7236
20.0894	7236	7504
20.1112	7504	7772
20.1124	7772	8040
20.1134	8040	8308
20.1352	8308	8576
20.1364	8576	8844
20.1374	8844	9112
20.1592	9112	9380
20.1604	9380	9648
20.1614	9648	9916
20.1832	9916	10184
20.1844	10184	10452
20.1854	10452	10720
20.2072	10720	10988
20.2084	10988	11256
20.2094	11256	11524
20.2312	11524	11792
20.2324	11792	12060
20.2334	12060	12328
20.2552	12328	12596
20.2564	12596	12864
20.2574	12864	13132
20.2792	13132	13400
20.2804	13400	13668
20.2814	13668	13936
20.3032	13936	14204
20.3044	14204	14472
20.3054	14472	14740
20.3272	14740	15008
20.3284	15008	15276
20.3294	15276	15544
20.3512	15544	15812
20.3524	15812	16080
20.3534	16080	16348
20.3752	16348	16616
20.3764	16616	16884
20.3774	16884	17152
20.3992	17152	17420
20.4004	17420	17688
20.4014	17688	17956
20.4232	17956	18224
20.4244	18224	18492
20.4254	18492	18760
20.4472	18760	19028
20.4484	19028	19296
20.4494	19296	19564
20.4712	19564	19832
20.4724	19832	20100
20.4734	20100	20368
20.4952	20368	20636
20.4964	20636	20904
20.4974	20904	21172
20.5192	21172	21440
20.5204	21440	21708
20.5214	21708	21976
20.5432	21976	22244
20.5444	22244	22512
20.5454	22512	22780
20.5672	22780	23048
20.5684	23048	23316
20.5694	23316	23584
20.5912	23584	23852
20.5924	23852	24120
20.5934	24120	24388
20.6152	24388	24656
20.6164	24656	24924
20.6174	24924	25192
20.6392	25192	25460
20.6404	25460	25728
20.6414	25728	25996
20.6632	25996	26264
20.6644	26264	26532
20.6654	26532	26800
20.6872	26800	27068
20.6884	27068	27336
20.6894	27336	27604
20.7112	27604	27872
20.7124	27872	28140
20.7134	28140	28408
20.7352	28408	28676
20.7364	28676	28944
20.7374	28944	29212
20.7592	29212	29480
20.7604	29480	29748
20.7614	29748	30016
20.7832	30016	30284
20.7844	30284	30552
20.7854	30552	30820
20.8072	30820	31088
20.8084	31088	31356
20.8094	31356	31624
20.8312	31624	31892
20.8324	31892	32160
20.8334	32160	32428
20.8552	32428	32696
20.8564	32696	32964
20.8574	32964	33232
20.8792	33232	33500
20.8804	33500	33768
20.8814	33768	34036
20.9032	34036	34304
20.9044	34304	34572
20.9054	34572	34840
20.9272	34840	35108
20.9284	35108	35376
20.9294	35376	35644
20.9512	35644	35912
20.9524	35912	36180
20.9534	36180	36448
20.9752	36448	36716
20.9764	36716	36984
20.9774	36984	37252
20.9992	37252	37520
21.0004	37520	37788
21.0014	37788	38056
21.0232	38056	38324
21.0244	38324	38592
21.0254	38592	38860
21.0472	38860	39128
21.0484	39128	39396
21.0494	39396	39664
21.0712	39664	39932
21.0724	39932	40200
21.0734	40200	40468
21.0952	40468	40736
21.0964	40736	41004
21.0974	41004	41272
21.1192	41272	41540
21.1204	41540	41808
21.1214	41808	42076
21.1432	42076	42344
21.1444	42344	42612
21.1454	42612	42880
21.1672	42880	43148
21.1684	43148	43416
21.1694	43416	43684
21.1912	43684	43952
21.1924	43952	44220
21.1934	44220	44488
21.2152	44488	44756
21.2164	44756	45024
21.2174	45024	45292
21.2392	45292	45560
21.2404	45560	45828
21.2414	45828	46096
21.2632	46096	46364
21.2644	46364	46632
21.2654	46632	46900
21.2872	46900	47168
21.2884	47168	47436
21.2894	47436	47704
21.3112	47704	47972
21.3124	47972	48240
21.3134	48240	48508
21.3352	48508	48776
21.3364	48776	49044
21.3374	49044	49312
21.3592	49312	49580
21.3604	49580	49848
21.3614	49848	50116
21.3832	50116	50384
21.3844	50384	50652
21.3854	50652	50920
21.4072	50920	51188
21.4084	51188	51456
21.4094	51456	51724
21.4312	51724	51992
21.4324	51992	52260
21.4334	52260	52528
21.4552	52528	52796
21.4564	52796	53064
21.4574	53064	53332
21.4792	53332	53600
21.4804	53600	53868
21.4814	53868	54136
21.5032	54136	54404
21.5044	54404	54672
21.5054	54672	54940
21.5272	54940	55208
21.5284	55208	55476
21.5294	55476	55744
21.5512	55744	56012
21.5524	56012	56280
21.5534	56280	56548
21.5752	56548	56816
21.5764	56816	57084
21.5774	57084	57352
21.5992	57352	57620
21.6004	57620	57888
21.6014	57888	58156
21.6232	58156	58424
21.6244	58424	58692
21.6254	58692	58960
21.6472	58960	59228
21.6484	59228	59496
21.6494	59496	59764
21.6712	59764	60032
21.6724	60032	60300
21.6734	60300	60568
21.6952	60568	60836
21.6964	60836	61104
21.6974	61104	61372
21.7192	61372	61640
21.7204	61640	61908
21.7214	61908	62176
21.7432	62176	62444
21.7444	62444	62712
21.7454	62712	62980
21.7672	62980	63248
21.7684	63248	63516
21.7694	63516	63784
21.7912	63784	64052
21.7924	64052	64320
21.7934	64320	64588
21.8152	64588	64856
21.8164	64856	65124
21.8174	65124	65392
21.8392	65392	65660
21.8404	65660	65928
21.8414	65928	66196
21.8632	66196	66464
21.8644	66464	66732
21.8654	66732	67000
21.8872	67000	67268
21.8884	67268	67536
21.8894	67536	67804
21.9112	67804	68072
21.9124	68072	68340
21.9134	68340	68608
21.9352	68608	68876
21.9364	68876	69144
21.9374	69144	69412
21.9592	69412	69680
21.9604	69680	69948
21.9614	69948	70216
21.9832	70216	70484
21.9844	70484	70752
21.9854	70752	71020
22.0072	71020	71288
22.0084	71288	71556
22.0094	71556	71824
22.0312	71824	72092
22.0324	72092	72360
22.0334	72360	72628
22.0552	72628	72896
22.0564	72896	73164
22.0574	73164	73432
22.0792	73432	73700
22.0804	73700	73968
22.0814	73968	74236
22.1032	74236	74504
22.1044	74504	74772
22.1054	74772	75040
22.1272	75040	75308
22.1284	75308	75576
22.1294	75576	75844
22.1512	75844	76112
22.1524	76112	76380
22.1534	76380	76648
22.1752	76648	76916
22.1764	76916	77184
22.1774	77184	77452
22.1998	77452	77720
22.201	77720	1072
22.2232	1072	1340
22.2305	1340	1608
22.2375	1608	1876
22.2472	1876	2144
22.2539	2144	2412
22.2548	2412	2680
22.2712	2680	2948
22.2724	2948	3216
22.2777	3216	3484
22.2952	3484	3752
22.2964	3752	4020
22.2974	4020	4288
22.3192	4288	4556
22.3204	4556	4824
22.3214	4824	5092
22.3432	5092	5360
22.3444	5360	5628
22.3454	5628	5896
22.3672	5896	6164
22.3684	6164	6432
22.3694	6432	6700
22.3912	6700	6968
22.3924	6968	7236
22.3934	7236	7504
22.4152	7504	7772
22.4164	7772	8040
22.4174	8040	8308
22.4392	8308	8576
22.4404	8576	8844
22.4414	8844	9112
22.4638	9112	9380
22.465	9380	1072
22.4872	1072	1340
22.4945	1340	1608
22.5015	1608	1876
22.5112	1876	2144
22.5179	2144	2412
22.5188	2412	2680
22.5352	2680	2948
22.5364	2948	3216
22.5417	3216	3484
22.5592	3484	3752
22.5604	3752	4020
22.5614	4020	4288
22.5832	4288	4556
22.5844	4556	4824
22.5854	4824	5092
22.6072	5092	5360
22.6084	5360	5628
22.6094	5628	5896
22.6312	5896	6164
22.6324	6164	6432
22.6334	6432	6700
22.6552	6700	6968
22.6564	6968	7236
22.6574	7236	7504
22.6792	7504	7772
22.6804	7772	8040
22.6814	8040	8308
22.7032	8308	8576
22.7044	8576	8844
22.7054	8844	9112
22.7272	9112	9380
22.7284	9380	9648
22.7294	9648	9916
22.7512	9916	10184
22.7524	10184	10452
22.7534	10452	10720
22.7752	10720	10988
22.7764	10988	11256
22.7774	11256	11524
22.7992	11524	11792
22.8004	11792	12060
22.8014	12060	12328
22.8232	12328	12596
22.8244	12596	12864
22.8254	12864	13132
22.8472	13132	13400
22.8484	13400	13668
22.8494	13668	13936
22.8712	13936	14204
22.8724	14204	14472
22.8734	14472	14740
22.8952	14740	15008
22.8964	15008	15276
22.8974	15276	15544
22.9192	15544	15812
22.9204	15812	16080
22.9214	16080	16348
22.9432	16348	16616
22.9444	16616	16884
22.9454	16884	17152
22.9672	17152	17420
22.9684	17420	17688
22.9694	17688	17956
22.9912	17956	18224
22.9924	18224	18492
22.9934	18492	18760
23.0152	18760	19028
23.0164	19028	19296
23.0174	19296	19564
23.0392	19564	19832
23.0404	19832	20100
23.0414	20100	20368
23.0632	20368	20636
23.0644	20636	20904
23.0654	20904	21172
23.0872	21172	21440
23.0884	21440	21708
23.0894	21708	21976
23.1112	21976	22244
23.1124	22244	22512
23.1134	22512	22780
23.1352	22780	23048
23.1364	23048	23316
23.1374	23316	23584
23.1592	23584	23852
23.1604	23852	24120
23.1614	24120	24388
23.1832	24388	24656
23.1844	24656	24924
23.1854	24924	25192
23.2072	25192	25460
23.2084	25460	25728
23.2094	25728	25996
23.2312	25996	26264
23.2324	26264	26532
23.2334	26532	26800
23.2552	26800	27068
23.2564	27068	27336
23.2574	27336	27604
23.2792	27604	27872
23.2804	27872	28140
23.2814	28140	28408
23.3032	28408	28676
23.3044	28676	28944
23.3054	28944	29212
23.3272	29212	29480
23.3284	29480	29748
23.3294	29748	30016
23.3512	30016	30284
23.3524	30284	30552
23.3534	30552	30820
23.3752	30820	31088
23.3764	31088	31356
23.3774	31356	31624
23.3992	31624	31892
23.4004	31892	32160
23.4014	32160	32428
23.4232	32428	32696
23.4244	32696	32964
23.4254	32964	33232
23.4472	33232	33500
23.4484	33500	33768
23.4494	33768	34036
23.4712	34036	34304
23.4724	34304	34572
23.4734	34572	34840
23.4952	34840	35108
23.4964	35108	35376
23.4974	35376	35644
23.5192	35644	35912
23.5204	35912	36180
23.5214	36180	36448
23.5432	36448	36716
23.5444	36716	36984
23.5454	36984	37252
23.5672	37252	37520
23.5684	37520	37788
23.5694	37788	38056
23.5912	38056	38324
23.5924	38324	38592
23.5934	38592	38860
23.6152	38860	39128
23.6164	39128	39396
23.6174	39396	39664
23.6392	39664	39932
23.6404	39932	40200
23.6414	40200	40468
23.6632	40468	40736
23.6644	40736	41004
23.6654	41004	41272
23.6872	41272	41540
23.6884	41540	41808
23.6894	41808	42076
23.7112	42076	42344
23.7124	42344	42612
23.7134	42612	42880
23.7352	42880	43148
23.7364	43148	43416
23.7374	43416	43684
23.7592	43684	43952
23.7604	43952	44220
23.7614	44220	44488
23.7832	44488	44756
23.7844	44756	45024
23.7854	45024	45292
23.8072	45292	45560
23.8084	45560	45828
23.8094	45828	46096
23.8312	46096	46364
23.8324	46364	46632
23.8334	46632	46900
23.8552	46900	47168
23.8564	47168	47436
23.8574	47436	47704
23.8792	47704	47972
23.8804	47972	48240
23.8814	48240	48508
23.9032	48508	48776
23.9044	48776	49044
23.9054	49044	49312
23.9272	49312	49580
23.9284	49580	49848
23.9294	49848	50116
23.9512	50116	50384
23.9524	50384	50652
23.9534	50652	50920
23.9752	50920	51188
23.9764	51188	51456
23.9774	51456	51724
23.9992	51724	51992
24.0004	51992	52260
24.0014	52260	52528
24.0232	52528	52796
24.0244	52796	53064
24.0254	53064	53332
24.0472	53332	53600
24.0484	53600	53868
24.0494	53868	54136
24.0712	54136	54404
24.0724	54404	54672
24.0734	54672	54940
24.0952	54940	55208
24.0964	55208	55476
24.0974	55476	55744
24.1192	55744	56012
24.1204	56012	56280
24.1214	56280	56548
24.1432	56548	56816
24.1444	56816	57084
24.1454	57084	57352
24.1672	57352	57620
24.1684	57620	57888
24.1694	57888	58156
24.1912	58156	58424
24.1924	58424	58692
24.1934	58692	58960
24.2152	58960	59228
24.2164	59228	59496
24.2174	59496	59764
24.2392	59764	60032
24.2404	60032	60300
24.2414	60300	60568
24.2632	60568	60836
24.2644	60836	61104
24.2654	61104	61372
24.2872	61372	61640
24.2884	61640	61908
24.2894	61908	62176
24.3112	62176	62444
24.3124	62444	62712
24.3134	62712	62980
24.3352	62980	63248
24.3364	63248	63516
24.3374	63516	63784
24.3592	63784	64052
24.3604	64052	64320
24.3614	64320	64588
24.3832	64588	64856
24.3844	64856	65124
24.3854	65124	65392
24.4072	65392	65660
24.4084	65660	65928
24.4094	65928	66196
24.4312	66196	66464
24.4324	66464	66732
24.4334	66732	67000
24.4552	67000	67268
24.4564	67268	67536
24.4574	67536	67804
24.4792	67804	68072
24.4804	68072	68340
24.4814	68340	68608
24.5032	68608	68876
24.5044	68876	69144
24.5054	69144	69412
24.5272	69412	69680
24.5284	69680	69948
24.5294	69948	70216
24.5512	70216	70484
24.5524	70484	70752
24.5534	70752	71020
24.5752	71020	71288
24.5764	71288	71556
24.5774	71556	71824
24.5992	71824	72092
24.6004	72092	72360
24.6014	72360	72628
24.6232	72628	72896
24.6244	72896	73164
24.6254	73164	73432
24.6472	73432	73700
24.6484	73700	73968
24.6494	73968	74236
24.6712	74236	74504
24.6724	74504	74772
24.6734	74772	75040
24.6952	75040	75308
24.6964	75308	75576
24.6974	75576	75844
24.7192	75844	76112
24.7204	76112	76380
24.7214	76380	76648
24.7432	76648	76916
24.7444	76916	77184
24.7454	77184	77452
24.7672	77452	77720
24.7684	77720	77988
24.7694	77988	78256
24.7912	78256	78524
24.7924	78524	78792
24.7934	78792	79060
24.8152	79060	79328
24.8164	79328	79596
24.8174	79596	79864
24.8392	79864	80132
24.8404	80132	80400
24.8414	80400	80668
24.8632	80668	80936
24.8644	80936	81204
24.8654	81204	81472
24.8872	81472	81740
24.8884	81740	82008
24.8894	82008	82276
24.9112	82276	82544
24.9124	82544	82812
24.9134	82812	83080
24.9352	83080	83348
24.9364	83348	83616
24.9374	83616	83884
24.9592	83884	84152
24.9604	84152	84420
24.9614	84420	84688
24.9832	84688	84956
24.9844	84956	85224
24.9854	85224	85492
25.0072	85492	85760
25.0084	85760	86028
25.0094	86028	86296
25.0312	86296	86564
25.0324	86564	86832
25.0334	86832	87100
25.0552	87100	87368
25.0564	87368	87636
25.0574	87636	87904
25.0792	87904	88172
25.0804	88172	88440
25.0814	88440	88708
25.1032	88708	88976
25.1044	88976	89244
25.1054	89244	89512
25.1272	89512	89780
25.1284	89780	90048
25.1294	90048	90316
25.1512	90316	90584
25.1524	90584	90852
25.1534	90852	91120
25.1752	91120	91388
25.1764	91388	91656
25.1774	91656	91924
25.1992	91924	92192
25.2004	92192	92460
25.2014	92460	92728
25.2232	92728	92996
25.2244	92996	93264
25.2254	93264	93532
25.2472	93532	93800
25.2484	93800	94068
25.2494	94068	94336
25.2712	94336	94604
25.2724	94604	94872
25.2734	94872	95140
25.2952	95140	95408
25.2964	95408	95676
25.2974	95676	95944
25.3192	95944	96212
25.3204	96212	96480
25.3214	96480	96748
25.3432	96748	97016
25.3444	97016	97284
25.3454	97284	97552
25.3672	97552	97820
25.3684	97820	98088
25.3694	98088	98356
25.3912	98356	98624
25.3924	98624	98892
25.3934	98892	99160
25.4152	99160	99428
25.4164	99428	99696
25.4174	99696	99964
25.4392	99964	100232
25.4404	100232	100500
25.4414	100500	100768
25.4632	100768	101036
25.4644	101036	101304
25.4654	101304	101572
25.4872	101572	101840
25.4884	101840	102108
25.4894	102108	102376
25.5112	102376	102644
25.5124	102644	102912
25.5134	102912	103180
25.5352	103180	103448
25.5364	103448	103716
25.5374	103716	103984
25.5592	103984	104252
25.5604	104252	104520
25.5614	104520	104788
25.5832	104788	105056
25.5844	105056	105324
25.5854	105324	105592
25.6072	105592	105860
25.6084	105860	106128
25.6094	106128	106396
25.6312	106396	106664
25.6324	106664	106932
25.6334	106932	107200
25.6552	107200	107468
25.6564	107468	107736
25.6574	107736	108004
25.6792	108004	108272
25.6804	108272	108540
25.6814	108540	108808
25.7032	108808	109076
25.7044	109076	109344
25.7054	109344	109612
25.7272	109612	109880
25.7284	109880	110148
25.7294	110148	110416
25.7512	110416	110684
25.7524	110684	110952
25.7534	110952	111220
25.7752	111220	111488
25.7764	111488	111756
25.7774	111756	112024
25.7992	112024	112292
25.8004	112292	112560
25.8014	112560	112828
25.8232	112828	113096
25.8244	113096	113364
25.8254	113364	113632
25.8472	113632	113900
25.8484	113900	114168
25.8494	114168	114436
25.8712	114436	114704
25.8724	114704	114972
25.8734	114972	115240
25.8952	115240	115508
25.8964	115508	115776
25.8974	115776	116044
25.9192	116044	116312
25.9204	116312	116580
25.9214	116580	116848
25.9432	116848	117116
25.9444	117116	117384
25.9454	117384	117652
25.9672	117652	117920
25.9684	117920	118188
25.9694	118188	118456
25.9912	118456	118724
25.9924	118724	118992
25.9934	118992	119260
26.0152	119260	119528
26.0164	119528	119796
26.0174	119796	120064
26.0392	120064	120332
26.0404	120332	120600
26.0414	120600	120868
26.0632	120868	121136
26.0644	121136	121404
26.0654	121404	121672
26.0872	121672	121940
26.0884	121940	122208
26.0894	122208	122476
26.1112	122476	122744
26.1124	122744	123012
26.1134	123012	123280
26.1352	123280	123548
26.1364	123548	123816
26.1374	123816	124084
26.1592	124084	124352
26.1604	124352	124620
26.1614	124620	124888
26.1832	124888	125156
26.1844	125156	125424
26.1854	125424	125692
26.2072	125692	125960
26.2084	125960	126228
26.2094	126228	126496
26.2312	126496	126764
26.2324	126764	127032
26.2334	127032	127300
26.2552	127300	127568
26.2564	127568	127836
26.2574	127836	128104
26.2792	128104	128372
26.2804	128372	128640
26.2814	128640	128908
26.3032	128908	129176
26.3044	129176	129444
26.3054	129444	129712
26.3272	129712	129980
26.3284	129980	130248
26.3294	130248	130516
26.3512	130516	130784
26.3524	130784	131052
26.3534	131052	131320
26.3752	131320	131588
26.3764	131588	131856
26.3774	131856	132124
26.3992	132124	132392
26.4004	132392	132660
26.4014	132660	132928
26.4232	132928	133196
26.4244	133196	133464
26.4254	133464	133732
26.4472	133732	134000
26.4484	134000	134268
26.4494	134268	134536
26.4712	134536	134804
26.4724	134804	135072
26.4734	135072	135340
26.4952	135340	135608
26.4964	135608	135876
26.4974	135876	136144
26.5192	136144	136412
26.5204	136412	136680
26.5214	136680	136948
26.5432	136948	137216
26.5444	137216	137484
26.5454	137484	137752
26.5672	137752	138020
26.5684	138020	138288
26.5694	138288	138556
26.5912	138556	138824
26.5924	138824	139092
26.5934	139092	139360
26.6152	139360	139628
26.6164	139628	139896
26.6174	139896	140164
26.6392	140164	140432
26.6404	140432	140700
26.6414	140700	140968
26.6632	140968	141236
26.6644	141236	141504
26.6654	141504	141772
26.6872	141772	142040
26.6884	142040	142308
26.6894	142308	142576
26.7112	142576	142844
26.7134	142844	1072
26.7352	1072	1340
26.7425	1340	1608
26.7495	1608	1876
26.7592	1876	2144
26.7659	2144	2412
26.7668	2412	2680
26.7832	2680	2948
26.7844	2948	3216
26.7897	3216	3484
26.8072	3484	3752
26.8084	3752	4020
26.8094	4020	4288
26.8312	4288	4556
26.8324	4556	4824
26.8334	4824	5092
26.8552	5092	5360
26.8564	5360	5628
26.8574	5628	5896
26.8792	5896	6164
26.8804	6164	6432
26.8814	6432	6700
26.9032	6700	6968
26.9044	6968	7236
26.9054	7236	7504
26.9272	7504	7772
26.9284	7772	8040
26.9294	8040	8308
26.9512	8308	8576
26.9524	8576	8844
26.9534	8844	9112
26.9752	9112	9380
26.9764	9380	9648
26.9774	9648	9916
26.9992	9916	10184
27.0004	10184	10452
27.0014	10452	10720
27.0232	10720	10988
27.0244	10988	11256
27.0254	11256	11524
27.0472	11524	11792
27.0484	11792	12060
27.0494	12060	12328
27.0712	12328	12596
27.0724	12596	12864
27.0734	12864	13132
27.0952	13132	13400
27.0964	13400	13668
27.0974	13668	13936
27.1192	13936	14204
27.1204	14204	14472
27.1214	14472	14740
27.1432	14740	15008
27.1444	15008	15276
27.1454	15276	15544
27.1672	15544	15812
27.1684	15812	16080
27.1694	16080	16348
27.1912	16348	16616
27.1924	16616	16884
27.1934	16884	17152
27.2152	17152	17420
27.2164	17420	17688
27.2174	17688	17956
27.2392	17956	18224
27.2404	18224	18492
27.2414	18492	18760
27.2632	18760	19028
27.2644	19028	19296
27.2654	19296	19564
27.2872	19564	19832
27.2884	19832	20100
27.2894	20100	20368
27.3112	20368	20636
27.3124	20636	20904
27.3134	20904	21172
27.3352	21172	21440
27.3364	21440	21708
27.3374	21708	21976
27.3592	21976	22244
27.3604	22244	22512
27.3614	22512	22780
27.3832	22780	23048
27.3844	23048	23316
27.3854	23316	23584
27.4072	23584	23852
27.4084	23852	24120
27.4094	24120	24388
27.4312	24388	24656
27.4324	24656	24924
27.4334	24924	25192
27.4552	25192	25460
27.4564	25460	25728
27.4574	25728	25996
27.4792	25996	26264
27.4804	26264	26532
27.4814	26532	26800
27.5032	26800	27068
27.5044	27068	27336
27.5054	27336	27604
27.5272	27604	27872
27.5284	27872	28140
27.5294	28140	28408
27.5512	28408	28676
27.5524	28676	28944
27.5534	28944	29212
27.5752	29212	29480
27.5764	29480	29748
27.5774	29748	30016
27.5992	30016	30284
27.6004	30284	30552
27.6014	30552	30820
27.6232	30820	31088
27.6244	31088	31356
27.6254	31356	31624
27.6472	31624	31892
27.6484	31892	32160
27.6494	32160	32428
27.6712	32428	32696
27.6724	32696	32964
27.6734	32964	33232
27.6952	33232	33500
27.6964	33500	33768
27.6974	33768	34036
27.7192	34036	34304
27.7204	34304	34572
27.7214	34572	34840
27.7432	34840	35108
27.7444	35108	35376
27.7454	35376	35644
27.7672	35644	35912
27.7684	35912	36180
27.7694	36180	36448
27.7912	36448	36716
27.7924	36716	36984
27.7934	36984	37252
27.8152	37252	37520
27.8164	37520	37788
27.8174	37788	38056
27.8392	38056	38324
27.8414	38324	1072
27.8632	1072	1340
27.8705	1340	1608
27.8775	1608	1876
27.8872	1876	2144
27.8939	2144	2412
27.8948	2412	2680
27.9112	2680	2948
27.9124	2948	3216
27.9177	3216	3484
27.9352	3484	3752
27.9364	3752	4020
27.9374	4020	4288
27.9592	4288	4556
27.9604	4556	4824
27.9614	4824	5092
27.9832	5092	5360
27.9844	5360	5628
27.9854	5628	5896
28.0072	5896	6164
28.0084	6164	6432
28.0094	6432	6700
28.0312	6700	6968
28.0324	6968	7236
28.0334	7236	7504
28.0552	7504	7772
28.0564	7772	8040
28.0574	8040	8308
28.0792	8308	8576
28.0804	8576	8844
28.0814	8844	9112
28.1032	9112	9380
28.1044	9380	9648
28.1054	9648	9916
28.1272	9916	10184
28.1284	10184	10452
28.1294	10452	10720
28.1512	10720	10988
28.1524	10988	11256
28.1534	11256	11524
28.1752	11524	11792
28.1764	11792	12060
28.1774	12060	12328
28.1992	12328	12596
28.2004	12596	12864
28.2014	12864	13132
28.2232	13132	13400
28.2244	13400	13668
28.2254	13668	13936
28.2472	13936	14204
28.2484	14204	14472
28.2494	14472	14740
28.2712	14740	15008
28.2724	15008	15276
28.2734	15276	15544
28.2952	15544	15812
28.2964	15812	16080
28.2974	16080	16348
28.3192	16348	16616
28.3204	16616	16884
28.3214	16884	17152
28.3432	17152	17420
28.3444	17420	17688
28.3454	17688	17956
28.3672	17956	18224
28.3684	18224	18492
28.3694	18492	18760
28.3912	18760	19028
28.3924	19028	19296
28.3934	19296	19564
28.4152	19564	19832
28.4164	19832	20100
28.4174	20100	20368
28.4392	20368	20636
28.4404	20636	20904
28.4414	20904	21172
28.4632	21172	21440
28.4644	21440	21708
28.4654	21708	21976
28.4872	21976	22244
28.4884	22244	22512
28.4894	22512	22780
28.5112	22780	23048
28.5124	23048	23316
28.5134	23316	23584
28.5352	23584	23852
28.5364	23852	24120
28.5374	24120	24388
28.5592	24388	24656
28.5604	24656	24924
28.5614	24924	25192
28.5832	25192	25460
28.5844	25460	25728
28.5854	25728	25996
28.6072	25996	26264
28.6084	26264	26532
28.6094	26532	26800
28.6312	26800	27068
28.6324	27068	27336
28.6334	27336	27604
28.6552	27604	27872
28.6564	27872	28140
28.6574	28140	28408
28.6792	28408	28676
28.6804	28676	28944
28.6814	28944	29212
28.7032	29212	29480
28.7044	29480	29748
28.7054	29748	30016
28.7272	30016	30284
28.7284	30284	30552
28.7294	30552	30820
28.7512	30820	31088
28.7524	31088	31356
28.7534	31356	31624
28.7752	31624	31892
28.7764	31892	32160
28.7774	32160	32428
28.7992	32428	32696
28.8004	32696	32964
28.8014	32964	33232
28.8232	33232	33500
28.8244	33500	33768
28.8254	33768	34036
28.8472	34036	34304
28.8484	34304	34572
28.8494	34572	34840
28.8712	34840	35108
28.8724	35108	35376
28.8734	35376	35644
28.8952	35644	35912
28.8964	35912	36180
28.8974	36180	36448
28.9192	36448	36716
28.9204	36716	36984
28.9214	36984	37252
28.9432	37252	37520
28.9444	37520	37788
28.9454	37788	38056
28.9672	38056	38324
28.9684	38324	38592
28.9694	38592	38860
28.9912	38860	39128
28.9924	39128	39396
28.9934	39396	39664
29.0152	39664	39932
29.0164	39932	40200
29.0174	40200	40468
29.0392	40468	40736
29.0404	40736	41004
29.0414	41004	41272
29.0632	41272	41540
29.0644	41540	41808
29.0654	41808	42076
29.0872	42076	42344
29.0884	42344	42612
29.0894	42612	42880
29.1112	42880	43148
29.1124	43148	43416
29.1134	43416	43684
29.1352	43684	43952
29.1364	43952	44220
29.1374	44220	44488
29.1592	44488	44756
29.1604	44756	45024
29.1614	45024	45292
29.1832	45292	45560
29.1844	45560	45828
29.1854	45828	46096
29.2072	46096	46364
29.2084	46364	46632
29.2094	46632	46900
29.2324	46900	1072
29.2552	1072	1340
29.2625	1340	1608
29.2695	1608	1876
29.2792	1876	2144
29.2859	2144	2412
29.2868	2412	2680
29.3032	2680	2948
29.3044	2948	3216
29.3097	3216	3484
29.3272	3484	3752
29.3284	3752	4020
29.3294	4020	4288
29.3512	4288	4556
29.3524	4556	4824
29.3534	4824	5092
29.3752	5092	5360
29.3764	5360	5628
29.3774	5628	5896
29.3992	5896	6164
29.4014	6164	1072
29.4232	1072	1340
29.4305	1340	1608
29.4375	1608	1876
29.4472	1876	2144
29.4539	2144	2412
29.4548	2412	2680
29.4712	2680	2948
29.4724	2948	3216
29.4777	3216	3484
29.4952	3484	3752
29.4964	3752	4020
29.4974	4020	4288
29.5192	4288	4556
29.5204	4556	4824
29.5214	4824	5092
29.5432	5092	5360
29.5444	5360	5628
29.5454	5628	5896
29.5672	5896	6164
29.5684	6164	6432
29.5694	6432	6700
29.5912	6700	6968
29.5924	6968	7236
29.5934	7236	7504
29.6152	7504	7772
29.6164	7772	8040
29.6174	8040	8308
29.6392	8308	8576
29.6404	8576	8844
29.6414	8844	9112
29.6632	9112	9380
29.6644	9380	9648
29.6654	9648	9916
29.6872	9916	10184
29.6884	10184	10452
29.6894	10452	10720
29.7112	10720	10988
29.7124	10988	11256
29.7134	11256	11524
29.7352	11524	11792
29.7364	11792	12060
29.7374	12060	12328
29.7592	12328	12596
29.7604	12596	12864
29.7614	12864	13132
29.7832	13132	13400
29.7844	13400	13668
29.7854	13668	13936
29.8072	13936	14204
29.8084	14204	14472
29.8094	14472	14740
29.8312	14740	15008
29.8324	15008	15276
29.8334	15276	15544
29.8552	15544	15812
29.8564	15812	16080
29.8574	16080	16348
29.8792	16348	16616
29.8804	16616	16884
29.8814	16884	17152
29.9032	17152	17420
29.9044	17420	17688
29.9054	17688	17956
29.9272	17956	18224
29.9284	18224	18492
29.9294	18492	18760
29.9512	18760	19028
29.9524	19028	19296
29.9534	19296	19564
29.9752	19564	19832
29.9764	19832	20100
29.9774	20100	20368
29.9998	20368	20636
