5.00609	0	536
5.01265	536	1072
5.01964	1072	1608
5.02663	1608	2144
5.03314	2144	2680
5.03408	2680	3216
5.04165	3216	3752
5.04354	3752	1072
5.05765	1072	1340
5.06463	1340	1554
5.07193	1554	1738
5.07892	1738	1903
5.08543	1903	2053
5.08603	2053	2192
5.09272	2192	2323
5.09366	2323	2446
5.09953	2446	2563
5.10299	2563	2675
5.10652	2675	2782
5.1098	2782	2885
5.11899	2885	2984
5.11993	2984	3080
5.12533	3080	3173
5.13499	3173	3263
5.13593	3263	3351
5.1367	3351	3436
5.15099	3436	3519
5.15193	3519	3600
5.1527	3600	3679
5.16699	3679	3757
5.16793	3757	3833
5.1687	3833	3907
5.18299	3907	3980
5.18393	3980	4052
5.1847	4052	4122
5.19899	4122	4191
5.19993	4191	4259
5.2007	4259	4326
5.21499	4326	4392
5.21593	4392	4457
5.2167	4457	4521
5.23099	4521	4584
5.23193	4584	4646
5.2327	4646	4707
5.24699	4707	4768
5.24793	4768	4828
5.2487	4828	4887
5.26299	4887	4945
5.26393	4945	5003
5.2647	5003	5060
5.27899	5060	5116
5.27993	5116	5172
5.2807	5172	5227
5.29499	5227	5281
5.29671	5281	1072
5.31099	1072	1340
5.31797	1340	1554
5.32479	1554	1738
5.3313	1738	1903
5.33782	1903	2053
5.34517	2053	2192
5.35169	2192	2323
5.35263	2323	2446
5.35833	2446	2563
5.36193	2563	2675
5.36485	2675	2782
5.36875	2782	2885
5.37499	2885	2984
5.37859	2984	3080
5.38133	3080	3173
5.39099	3173	3263
5.39193	3263	3351
5.3927	3351	3436
5.40699	3436	3519
5.40793	3519	3600
5.4087	3600	3679
5.42299	3679	3757
5.42393	3757	3833
5.4247	3833	3907
5.43899	3907	3980
5.43993	3980	4052
5.4407	4052	4122
5.45499	4122	4191
5.45593	4191	4259
5.4567	4259	4326
5.47099	4326	4392
5.47193	4392	4457
5.4727	4457	4521
5.48699	4521	4584
5.48793	4584	4646
5.4887	4646	4707
5.50299	4707	4768
5.50393	4768	4828
5.5047	4828	4887
5.51899	4887	4945
5.51993	4945	5003
5.5207	5003	5060
5.53499	5060	5116
5.53593	5116	5172
5.5367	5172	5227
5.55099	5227	5281
5.55193	5281	5335
5.5527	5335	5388
5.56699	5388	5441
5.56793	5441	5493
5.5687	5493	5545
5.58299	5545	5596
5.58393	5596	5647
5.5847	5647	5697
5.59899	5697	5747
5.59993	5747	5796
5.6007	5796	5845
5.61499	5845	5894
5.61593	5894	5942
5.6167	5942	5990
5.63099	5990	6037
5.63193	6037	6084
5.6327	6084	6131
5.64699	6131	6177
5.64793	6177	6223
5.6487	6223	6269
5.66299	6269	6314
5.66393	6314	6359
5.6647	6359	6404
5.67899	6404	6448
5.67993	6448	6492
5.6807	6492	6536
5.69499	6536	6579
5.69593	6579	6622
5.6967	6622	6665
5.71099	6665	6708
5.71271	6708	1072
5.72699	1072	1340
5.73397	1340	1554
5.74079	1554	1738
5.7473	1738	1903
5.75382	1903	2053
5.76117	2053	2192
5.76769	2192	2323
5.76863	2323	2446
5.77433	2446	2563
5.77793	2563	2675
5.78085	2675	2782
5.78475	2782	2885
5.79099	2885	2984
5.79459	2984	3080
5.79733	3080	3173
5.80699	3173	3263
5.80793	3263	3351
5.8087	3351	3436
5.82299	3436	3519
5.82393	3519	3600
5.8247	3600	3679
5.83899	3679	3757
5.83993	3757	3833
5.8407	3833	3907
5.85499	3907	3980
5.85593	3980	4052
5.8567	4052	4122
5.87099	4122	4191
5.87193	4191	4259
5.8727	4259	4326
5.88699	4326	4392
5.88793	4392	4457
5.8887	4457	4521
5.90299	4521	4584
5.90393	4584	4646
5.9047	4646	4707
5.91899	4707	4768
5.91993	4768	4828
5.9207	4828	4887
5.93499	4887	4945
5.93593	4945	5003
5.9367	5003	5060
5.95099	5060	5116
5.95193	5116	5172
5.9527	5172	5227
5.96699	5227	5281
5.96793	5281	5335
5.9687	5335	5388
5.98299	5388	5441
5.98393	5441	5493
5.9847	5493	5545
5.99899	5545	5596
5.99993	5596	5647
6.0007	5647	5697
6.01499	5697	5747
6.01593	5747	5796
6.0167	5796	5845
6.03099	5845	5894
6.03193	5894	5942
6.0327	5942	5990
6.04699	5990	6037
6.04793	6037	6084
6.0487	6084	6131
6.06299	6131	6177
6.06393	6177	6223
6.0647	6223	6269
6.07899	6269	6314
6.07993	6314	6359
6.0807	6359	6404
6.09499	6404	6448
6.09593	6448	6492
6.0967	6492	6536
6.11099	6536	6579
6.11193	6579	6622
6.1127	6622	6665
6.12699	6665	6708
6.12793	6708	6750
6.1287	6750	6792
6.14299	6792	6834
6.14393	6834	6876
6.1447	6876	6917
6.15899	6917	6958
6.15993	6958	6999
6.1607	6999	7040
6.17499	7040	7080
6.17593	7080	7120
6.1767	7120	7160
6.19099	7160	7200
6.19193	7200	7239
6.1927	7239	7278
6.20699	7278	7317
6.20793	7317	7356
6.2087	7356	7395
6.22299	7395	7433
6.22393	7433	7471
6.2247	7471	7509
6.23899	7509	7547
6.23993	7547	7585
6.2407	7585	7622
6.25499	7622	7659
6.25593	7659	7696
6.2567	7696	7733
6.27099	7733	7770
6.27193	7770	7806
6.2727	7806	7842
6.28699	7842	7878
6.28793	7878	7914
6.2887	7914	7950
6.30299	7950	7986
6.30393	7986	8021
6.3047	8021	8056
6.31899	8056	8091
6.31993	8091	8126
6.3207	8126	8161
6.33609	8161	8196
6.33704	8196	8231
6.33781	8231	8265
6.35099	8265	8299
6.35193	8299	8333
6.3527	8333	8367
6.36699	8367	8401
6.36793	8401	8435
6.3687	8435	8469
6.38299	8469	8502
6.38393	8502	8535
6.3847	8535	8568
6.39899	8568	8601
6.39993	8601	8634
6.4007	8634	8667
6.41499	8667	8700
6.41593	8700	8733
6.4167	8733	8765
6.43099	8765	8797
6.43193	8797	8829
6.4327	8829	8861
6.44699	8861	8893
6.44793	8893	8925
6.4487	8925	8957
6.46316	8957	8989
6.4641	8989	9020
6.46487	9020	9051
6.47899	9051	9082
6.47993	9082	9113
6.4807	9113	9144
6.49499	9144	9175
6.49593	9175	9206
6.4967	9206	9237
6.51162	9237	9268
6.51256	9268	9298
6.51334	9298	9328
6.52699	9328	9358
6.52793	9358	9388
6.5287	9388	9418
6.54299	9418	9448
6.54393	9448	9478
6.5447	9478	9508
6.55899	9508	9538
6.55993	9538	9568
6.5607	9568	9598
6.57499	9598	9627
6.57593	9627	9656
6.5767	9656	9685
6.59099	9685	9714
6.59193	9714	9743
6.5927	9743	9772
6.60699	9772	9801
6.60793	9801	9830
6.6087	9830	9859
6.62299	9859	9888
6.62393	9888	9917
6.6247	9917	9945
6.63899	9945	9973
6.63993	9973	10001
6.6407	10001	10029
6.65499	10029	10057
6.65593	10057	10085
6.6567	10085	10113
6.67099	10113	10141
6.67193	10141	10169
6.6727	10169	10197
6.68699	10197	10225
6.68793	10225	10253
6.6887	10253	10281
6.70299	10281	10308
6.70393	10308	10335
6.7047	10335	10362
6.71899	10362	10389
6.71993	10389	10416
6.7207	10416	10443
6.73499	10443	10470
6.73593	10470	10497
6.7367	10497	10524
6.75099	10524	10551
6.75193	10551	10578
6.7527	10578	10605
6.76699	10605	10632
6.76793	10632	10659
6.7687	10659	10685
6.78299	10685	10711
6.78393	10711	10737
6.7847	10737	10763
6.79899	10763	10789
6.79993	10789	10815
6.8007	10815	10841
6.81499	10841	10867
6.81593	10867	10893
6.8167	10893	10919
6.83099	10919	10945
6.83193	10945	10971
6.8327	10971	10997
6.84699	10997	11023
6.84793	11023	11049
6.8487	11049	11075
6.86299	11075	11100
6.86393	11100	11125
6.8647	11125	11150
6.87899	11150	11175
6.87993	11175	11200
6.8807	11200	11225
6.89499	11225	11250
6.89593	11250	11275
6.8967	11275	11300
6.91099	11300	11325
6.91193	11325	11350
6.9127	11350	11375
6.92699	11375	11400
6.92793	11400	11425
6.9287	11425	11450
6.94299	11450	11475
6.94393	11475	11500
6.9447	11500	11524
6.95963	11524	11548
6.96058	11548	11572
6.96135	11572	11596
6.97499	11596	11620
6.97593	11620	11644
6.9767	11644	11668
6.99147	11668	11692
6.99272	11692	1072
7.01274	1072	1340
7.01973	1340	1554
7.02671	1554	1738
7.0337	1738	1903
7.04022	1903	2053
7.04673	2053	2192
7.05325	2192	2323
7.05419	2323	2446
7.06023	2446	2563
7.06118	2563	2675
7.06722	2675	2782
7.07052	2782	2885
7.07412	2885	2984
7.07703	2984	3080
7.08652	3080	3173
7.08746	3173	3263
7.0884	3263	3351
7.10252	3351	3436
7.10346	3436	3519
7.1044	3519	3600
7.11852	3600	3679
7.11946	3679	3757
7.1204	3757	3833
7.13452	3833	3907
7.13546	3907	3980
7.1364	3980	4052
7.15052	4052	4122
7.15146	4122	4191
7.1524	4191	4259
7.16652	4259	4326
7.16746	4326	4392
7.1684	4392	4457
7.18252	4457	4521
7.18346	4521	4584
7.1844	4584	4646
7.19852	4646	4707
7.19946	4707	4768
7.2004	4768	4828
7.21499	4828	4887
7.21594	4887	1072
7.23099	1072	1340
7.23797	1340	1554
7.24479	1554	1738
7.2513	1738	1903
7.25782	1903	2053
7.26433	2053	2192
7.27085	2192	2323
7.27179	2323	2446
7.27749	2446	2563
7.27899	2563	2675
7.28401	2675	2782
7.2858	2782	2885
7.29499	2885	2984
7.29593	2984	3080
7.30133	3080	3173
7.31099	3173	3263
7.31193	3263	3351
7.3127	3351	3436
7.32699	3436	3519
7.32793	3519	3600
7.3287	3600	3679
7.34362	3679	3757
7.34456	3757	3833
7.34534	3833	3907
7.35899	3907	3980
7.35993	3980	4052
7.3607	4052	4122
7.37499	4122	4191
7.37593	4191	4259
7.3767	4259	4326
7.39099	4326	4392
7.39193	4392	4457
7.3927	4457	4521
7.40699	4521	4584
7.40793	4584	4646
7.4087	4646	4707
7.42299	4707	4768
7.42393	4768	4828
7.4247	4828	4887
7.43899	4887	4945
7.43993	4945	5003
7.4407	5003	5060
7.45499	5060	5116
7.45593	5116	5172
7.4567	5172	5227
7.47099	5227	5281
7.47193	5281	5335
7.4727	5335	5388
7.48699	5388	5441
7.48793	5441	5493
7.4887	5493	5545
7.50299	5545	5596
7.50393	5596	5647
7.5047	5647	5697
7.51899	5697	5747
7.51993	5747	5796
7.5207	5796	5845
7.53499	5845	5894
7.53593	5894	5942
7.5367	5942	5990
7.55099	5990	6037
7.55193	6037	6084
7.5527	6084	6131
7.56699	6131	6177
7.56793	6177	6223
7.5687	6223	6269
7.58299	6269	6314
7.58393	6314	6359
7.5847	6359	6404
7.59899	6404	6448
7.60041	6448	6492
7.61452	6492	1232
7.63099	1232	1465
7.63797	1465	1661
7.64479	1661	1833
7.6513	1833	1989
7.65782	1989	2133
7.65859	2133	2267
7.66565	2267	2393
7.66659	2393	2513
7.67246	2513	2627
7.67899	2627	2736
7.68259	2736	2841
7.6858	2841	2942
7.69499	2942	3039
7.69593	3039	3133
7.70133	3133	3224
7.71099	3224	3313
7.71193	3313	3399
7.7127	3399	3483
7.72699	3483	3565
7.72793	3565	3645
7.7287	3645	3723
7.74299	3723	3800
7.74393	3800	3875
7.7447	3875	3949
7.75899	3949	4021
7.75993	4021	4092
7.7607	4092	4162
7.77499	4162	4231
7.77593	4231	4298
7.7767	4298	4364
7.79099	4364	4429
7.79193	4429	4493
7.7927	4493	4556
7.80809	4556	4619
7.80904	4619	4681
7.80981	4681	4742
7.82299	4742	4802
7.82393	4802	4861
7.8247	4861	4920
7.83899	4920	4978
7.83993	4978	5035
7.8407	5035	5092
7.85499	5092	5148
7.85593	5148	5203
7.8567	5203	5258
7.87099	5258	5312
7.87193	5312	5366
7.8727	5366	5419
7.88699	5419	5472
7.88793	5472	5524
7.8887	5524	5576
7.90299	5576	5627
7.90393	5627	5678
7.9047	5678	5728
7.91899	5728	5778
7.91993	5778	5827
7.9207	5827	5876
7.93499	5876	5924
7.93593	5924	5972
7.9367	5972	6020
7.95099	6020	6067
7.95193	6067	6114
7.9527	6114	6160
7.96699	6160	6206
7.96793	6206	6252
7.9687	6252	6297
7.98299	6297	6342
7.98393	6342	6387
7.9847	6387	6431
7.99899	6431	6475
7.99993	6475	6519
8.0007	6519	6563
8.01499	6563	6606
8.01593	6606	6649
8.0167	6649	6692
8.03099	6692	6734
8.03193	6734	6776
8.0327	6776	6818
8.04699	6818	6860
8.04793	6860	6901
8.0487	6901	6942
8.06299	6942	6983
8.06393	6983	7024
8.0647	7024	7064
8.07899	7064	7104
8.07993	7104	7144
8.0807	7144	7184
8.09609	7184	7223
8.09704	7223	7262
8.09781	7262	7301
8.11099	7301	7340
8.11193	7340	7379
8.1127	7379	7417
8.12699	7417	7455
8.12793	7455	7493
8.1287	7493	7531
8.14299	7531	7569
8.14393	7569	7606
8.1447	7606	7643
8.15899	7643	7680
8.15993	7680	7717
8.17499	7717	1072
8.19099	1072	1340
8.19797	1340	1554
8.20479	1554	1738
8.2113	1738	1903
8.21782	1903	2053
8.22517	2053	2192
8.23169	2192	2323
8.23263	2323	2446
8.23833	2446	2563
8.24193	2563	2675
8.24485	2675	2782
8.24875	2782	2885
8.25499	2885	2984
8.25859	2984	3080
8.26133	3080	3173
8.27099	3173	3263
8.27193	3263	3351
8.2727	3351	3436
8.28699	3436	3519
8.28793	3519	3600
8.2887	3600	3679
8.30299	3679	3757
8.30393	3757	3833
8.3047	3833	3907
8.31899	3907	3980
8.31993	3980	4052
8.3207	4052	4122
8.33499	4122	4191
8.33593	4191	4259
8.3367	4259	4326
8.35099	4326	4392
8.35193	4392	4457
8.3527	4457	4521
8.36699	4521	4584
8.36793	4584	4646
8.3687	4646	4707
8.38299	4707	4768
8.38393	4768	4828
8.3847	4828	4887
8.39899	4887	4945
8.39993	4945	5003
8.4007	5003	5060
8.41499	5060	5116
8.41593	5116	5172
8.4167	5172	5227
8.43099	5227	5281
8.43193	5281	5335
8.44699	5335	5388
8.44794	5388	1072
8.46299	1072	1340
8.46997	1340	1554
8.47679	1554	1738
8.4833	1738	1903
8.48982	1903	2053
8.49717	2053	2192
8.50369	2192	2323
8.50463	2323	2446
8.51033	2446	2563
8.51393	2563	2675
8.51685	2675	2782
8.52075	2782	2885
8.52699	2885	2984
8.53059	2984	3080
8.53333	3080	3173
8.54299	3173	3263
8.54393	3263	3351
8.5447	3351	3436
8.55899	3436	3519
8.55993	3519	3600
8.5607	3600	3679
8.57499	3679	3757
8.57593	3757	3833
8.5767	3833	3907
8.59099	3907	3980
8.59193	3980	4052
8.5927	4052	4122
8.60699	4122	4191
8.60793	4191	4259
8.6087	4259	4326
8.62299	4326	4392
8.62393	4392	4457
8.6247	4457	4521
8.63899	4521	4584
8.63993	4584	4646
8.6407	4646	4707
8.65499	4707	4768
8.65593	4768	4828
8.6567	4828	4887
8.67099	4887	4945
8.67193	4945	5003
8.6727	5003	5060
8.68699	5060	5116
8.68793	5116	5172
8.6887	5172	5227
8.70299	5227	5281
8.70393	5281	5335
8.7047	5335	5388
8.71899	5388	5441
8.71993	5441	5493
8.7207	5493	5545
8.73499	5545	5596
8.73593	5596	5647
8.7367	5647	5697
8.75099	5697	5747
8.75193	5747	5796
8.7527	5796	5845
8.76699	5845	5894
8.76793	5894	5942
8.7687	5942	5990
8.78299	5990	6037
8.78393	6037	6084
8.7847	6084	6131
8.79899	6131	6177
8.79993	6177	6223
8.8007	6223	6269
8.81499	6269	6314
8.81593	6314	6359
8.8167	6359	6404
8.83099	6404	6448
8.83193	6448	6492
8.8327	6492	6536
8.84699	6536	6579
8.84793	6579	6622
8.8487	6622	6665
8.86409	6665	6708
8.86504	6708	6750
8.86581	6750	6792
8.87899	6792	6834
8.87993	6834	6876
8.8807	6876	6917
8.89499	6917	6958
8.89593	6958	6999
8.8967	6999	7040
8.91099	7040	7080
8.91193	7080	7120
8.9127	7120	7160
8.92699	7160	7200
8.92793	7200	7239
8.9287	7239	7278
8.94299	7278	7317
8.94393	7317	7356
8.9447	7356	7395
8.95899	7395	7433
8.95993	7433	7471
8.9607	7471	7509
8.97499	7509	7547
8.97593	7547	7585
8.9767	7585	7622
8.99099	7622	7659
8.99193	7659	7696
8.9927	7696	7733
9.00699	7733	7770
9.00793	7770	7806
9.0087	7806	7842
9.02299	7842	7878
9.02393	7878	7914
9.0247	7914	7950
9.03899	7950	7986
9.03993	7986	8021
9.0407	8021	8056
9.05499	8056	8091
9.05593	8091	8126
9.0567	8126	8161
9.07099	8161	8196
9.07193	8196	8231
9.0727	8231	8265
9.08699	8265	8299
9.08793	8299	8333
9.0887	8333	8367
9.10299	8367	8401
9.10393	8401	8435
9.1047	8435	8469
9.11899	8469	8502
9.11993	8502	8535
9.1207	8535	8568
9.13499	8568	8601
9.13593	8601	8634
9.1367	8634	8667
9.15099	8667	8700
9.15193	8700	8733
9.1527	8733	8765
9.16699	8765	8797
9.16793	8797	8829
9.1687	8829	8861
9.18299	8861	8893
9.18393	8893	8925
9.1847	8925	8957
9.19899	8957	8989
9.19993	8989	9020
9.2007	9020	9051
9.21499	9051	9082
9.21593	9082	9113
9.2167	9113	9144
9.23099	9144	9175
9.23193	9175	9206
9.2327	9206	9237
9.24699	9237	9268
9.24793	9268	9298
9.2487	9298	9328
9.26299	9328	9358
9.26393	9358	9388
9.2647	9388	9418
9.27899	9418	9448
9.27993	9448	9478
9.2807	9478	9508
9.29499	9508	9538
9.29593	9538	9568
9.2967	9568	9598
9.31099	9598	9627
9.31193	9627	9656
9.3127	9656	9685
9.32699	9685	9714
9.32793	9714	9743
9.3287	9743	9772
9.34299	9772	9801
9.34393	9801	9830
9.3447	9830	9859
9.36009	9859	9888
9.36104	9888	9917
9.36181	9917	9945
9.37499	9945	9973
9.37593	9973	10001
9.3767	10001	10029
9.39099	10029	10057
9.39193	10057	10085
9.3927	10085	10113
9.40699	10113	10141
9.40793	10141	10169
9.4087	10169	10197
9.42299	10197	10225
9.42393	10225	10253
9.4247	10253	10281
9.43899	10281	10308
9.43993	10308	10335
9.4407	10335	10362
9.45499	10362	10389
9.45593	10389	10416
9.4567	10416	10443
9.47099	10443	10470
9.47193	10470	10497
9.4727	10497	10524
9.48699	10524	10551
9.48793	10551	10578
9.4887	10578	10605
9.50299	10605	10632
9.50393	10632	10659
9.5047	10659	10685
9.51899	10685	10711
9.51993	10711	10737
9.5207	10737	10763
9.53499	10763	10789
9.53593	10789	10815
9.5367	10815	10841
9.55099	10841	10867
9.55193	10867	10893
9.5527	10893	10919
9.56699	10919	10945
9.56793	10945	10971
9.5687	10971	10997
9.58299	10997	11023
9.58393	11023	11049
9.5847	11049	11075
9.59899	11075	11100
9.59993	11100	11125
9.6007	11125	11150
9.61499	11150	11175
9.61593	11175	11200
9.6167	11200	11225
9.63099	11225	11250
9.63193	11250	11275
9.6327	11275	11300
9.64699	11300	11325
9.64793	11325	11350
9.6487	11350	11375
9.66299	11375	11400
9.66393	11400	11425
9.6647	11425	11450
9.67899	11450	11475
9.67993	11475	11500
9.6807	11500	11524
9.69499	11524	11548
9.69593	11548	11572
9.6967	11572	11596
9.71099	11596	11620
9.71193	11620	11644
9.7127	11644	11668
9.72699	11668	11692
9.72793	11692	11716
9.7287	11716	11740
9.74299	11740	11764
9.74393	11764	11788
9.7447	11788	11812
9.75899	11812	11836
9.75993	11836	11860
9.7607	11860	11884
9.77499	11884	11908
9.77593	11908	11932
9.7767	11932	11956
9.79099	11956	11980
9.79193	11980	12003
9.7927	12003	12026
9.80699	12026	12049
9.80793	12049	12072
9.8087	12072	12095
9.82299	12095	12118
9.82393	12118	12141
9.8247	12141	12164
9.83899	12164	12187
9.83993	12187	12210
9.8407	12210	12233
9.85499	12233	12256
9.85593	12256	12279
9.8567	12279	12302
9.87099	12302	12325
9.87193	12325	12348
9.8727	12348	12371
9.88699	12371	12394
9.88793	12394	12417
9.8887	12417	12440
9.90299	12440	12463
9.90393	12463	12486
9.9047	12486	12509
9.91899	12509	12531
9.91993	12531	12553
9.9207	12553	12575
9.93499	12575	12597
9.93593	12597	12619
9.9367	12619	12641
9.95099	12641	12663
9.95193	12663	12685
9.9527	12685	12707
9.96699	12707	12729
9.96793	12729	12751
9.9687	12751	12773
9.98299	12773	12795
9.98393	12795	12817
9.9847	12817	12839
9.99899	12839	12861
9.99993	12861	12883
10.0007	12883	12905
10.015	12905	12927
10.0159	12927	12949
10.0167	12949	12971
10.031	12971	12993
10.0319	12993	13015
10.0327	13015	13037
10.047	13037	13059
10.0479	13059	13080
10.0487	13080	13101
10.063	13101	13122
10.0639	13122	13143
10.0647	13143	13164
10.079	13164	13185
10.0799	13185	13206
10.0807	13206	13227
10.095	13227	13248
10.0959	13248	13269
10.0967	13269	13290
10.111	13290	13311
10.1119	13311	13332
10.1127	13332	13353
10.1281	13353	13374
10.129	13374	13395
10.1298	13395	13416
10.143	13416	13437
10.1439	13437	13458
10.1447	13458	13479
10.159	13479	13500
10.1607	13500	1072
10.175	1072	1340
10.182	1340	1554
10.1888	1554	1738
10.1953	1738	1903
10.2018	1903	2053
10.2092	2053	2192
10.2157	2192	2323
10.2166	2323	2446
10.2223	2446	2563
10.2259	2563	2675
10.2288	2675	2782
10.2327	2782	2885
10.239	2885	2984
10.2426	2984	3080
10.2453	3080	3173
10.255	3173	3263
10.2559	3263	3351
10.2567	3351	3436
10.271	3436	3519
10.2719	3519	3600
10.2727	3600	3679
10.287	3679	3757
10.2879	3757	3833
10.2887	3833	3907
10.303	3907	3980
10.3039	3980	4052
10.3047	4052	4122
10.319	4122	4191
10.3199	4191	4259
10.3207	4259	4326
10.335	4326	4392
10.3359	4392	4457
10.3367	4457	4521
10.351	4521	4584
10.3519	4584	4646
10.3527	4646	4707
10.367	4707	4768
10.3679	4768	4828
10.3687	4828	4887
10.383	4887	4945
10.3839	4945	5003
10.3847	5003	5060
10.399	5060	5116
10.3999	5116	5172
10.4007	5172	5227
10.415	5227	5281
10.4159	5281	5335
10.4167	5335	5388
10.431	5388	5441
10.4319	5441	5493
10.4327	5493	5545
10.447	5545	5596
10.4479	5596	5647
10.4487	5647	5697
10.463	5697	5747
10.4639	5747	5796
10.4647	5796	5845
10.479	5845	5894
10.4799	5894	5942
10.4807	5942	5990
10.495	5990	6037
10.4959	6037	6084
10.4967	6084	6131
10.511	6131	6177
10.5119	6177	6223
10.5127	6223	6269
10.527	6269	6314
10.5279	6314	6359
10.5287	6359	6404
10.543	6404	6448
10.5439	6448	6492
10.5447	6492	6536
10.559	6536	6579
10.5599	6579	6622
10.5607	6622	6665
10.575	6665	6708
10.5759	6708	6750
10.5767	6750	6792
10.591	6792	6834
10.5919	6834	6876
10.5927	6876	6917
10.607	6917	6958
10.6079	6958	6999
10.6087	6999	7040
10.623	7040	7080
10.6239	7080	7120
10.6247	7120	7160
10.639	7160	7200
10.6399	7200	7239
10.6407	7239	7278
10.655	7278	7317
10.6559	7317	7356
10.6567	7356	7395
10.671	7395	7433
10.6719	7433	7471
10.6727	7471	7509
10.687	7509	7547
10.6879	7547	7585
10.6887	7585	7622
10.703	7622	7659
10.7039	7659	7696
10.7047	7696	7733
10.719	7733	7770
10.7199	7770	7806
10.7207	7806	7842
10.735	7842	7878
10.7359	7878	7914
10.7367	7914	7950
10.751	7950	7986
10.7519	7986	8021
10.7527	8021	8056
10.767	8056	8091
10.7679	8091	8126
10.7687	8126	8161
10.783	8161	8196
10.7839	8196	8231
10.7847	8231	8265
10.799	8265	8299
10.7999	8299	8333
10.8007	8333	8367
10.815	8367	8401
10.8159	8401	8435
10.8167	8435	8469
10.831	8469	8502
10.8319	8502	8535
10.8327	8535	8568
10.847	8568	8601
10.8479	8601	8634
10.8487	8634	8667
10.863	8667	8700
10.8639	8700	8733
10.8647	8733	8765
10.879	8765	8797
10.8799	8797	8829
10.8807	8829	8861
10.895	8861	8893
10.8959	8893	8925
10.8967	8925	8957
10.911	8957	8989
10.9119	8989	9020
10.9127	9020	9051
10.927	9051	9082
10.9279	9082	9113
10.9287	9113	9144
10.943	9144	9175
10.9439	9175	9206
10.9447	9206	9237
10.959	9237	9268
10.9599	9268	9298
10.9607	9298	9328
10.975	9328	9358
10.9759	9358	9388
10.9767	9388	9418
10.991	9418	9448
10.9919	9448	9478
10.9927	9478	9508
11.007	9508	9538
11.0079	9538	9568
11.0087	9568	9598
11.023	9598	9627
11.0239	9627	9656
11.0247	9656	9685
11.039	9685	9714
11.0399	9714	9743
11.0407	9743	9772
11.055	9772	9801
11.0559	9801	9830
11.0567	9830	9859
11.071	9859	9888
11.0719	9888	9917
11.0727	9917	9945
11.087	9945	9973
11.0879	9973	10001
11.0887	10001	10029
11.103	10029	10057
11.1039	10057	10085
11.1047	10085	10113
11.119	10113	10141
11.1199	10141	10169
11.1207	10169	10197
11.135	10197	10225
11.1359	10225	10253
11.1367	10253	10281
11.151	10281	10308
11.1519	10308	10335
11.1527	10335	10362
11.167	10362	10389
11.1679	10389	10416
11.1687	10416	10443
11.183	10443	10470
11.1839	10470	10497
11.1847	10497	10524
11.199	10524	10551
11.1999	10551	10578
11.2007	10578	10605
11.215	10605	10632
11.2159	10632	10659
11.2167	10659	10685
11.231	10685	10711
11.2319	10711	10737
11.2327	10737	10763
11.247	10763	10789
11.2479	10789	10815
11.2487	10815	10841
11.263	10841	10867
11.2639	10867	10893
11.2647	10893	10919
11.279	10919	10945
11.2799	10945	10971
11.2807	10971	10997
11.2959	10997	1072
11.311	1072	1340
11.318	1340	1554
11.3248	1554	1738
11.3313	1738	1903
11.3378	1903	2053
11.3452	2053	2192
11.3517	2192	2323
11.3526	2323	2446
11.3583	2446	2563
11.3619	2563	2675
11.3648	2675	2782
11.3687	2782	2885
11.375	2885	2984
11.3786	2984	3080
11.3813	3080	3173
11.391	3173	3263
11.3919	3263	3351
11.3927	3351	3436
11.407	3436	3519
11.4079	3519	3600
11.4087	3600	3679
11.423	3679	3757
11.4239	3757	3833
11.4247	3833	3907
11.439	3907	3980
11.4399	3980	4052
11.4407	4052	4122
11.455	4122	4191
11.4559	4191	4259
11.4567	4259	4326
11.471	4326	4392
11.4719	4392	4457
11.4727	4457	4521
11.487	4521	4584
11.4879	4584	4646
11.4887	4646	4707
11.503	4707	4768
11.5039	4768	4828
11.5047	4828	4887
11.519	4887	4945
11.5199	4945	5003
11.5207	5003	5060
11.535	5060	5116
11.5359	5116	5172
11.5367	5172	5227
11.551	5227	5281
11.5519	5281	5335
11.5527	5335	5388
11.567	5388	5441
11.5679	5441	5493
11.5687	5493	5545
11.583	5545	5596
11.5839	5596	5647
11.5847	5647	5697
11.599	5697	5747
11.5999	5747	5796
11.6007	5796	5845
11.615	5845	5894
11.6159	5894	5942
11.6167	5942	5990
11.6321	5990	6037
11.633	6037	6084
11.6338	6084	6131
11.647	6131	6177
11.6479	6177	6223
11.6487	6223	6269
11.663	6269	6314
11.6639	6314	6359
11.6647	6359	6404
11.679	6404	6448
11.6799	6448	6492
11.6807	6492	6536
11.695	6536	6579
11.6959	6579	6622
11.6967	6622	6665
11.711	6665	6708
11.7119	6708	6750
11.7127	6750	6792
11.727	6792	6834
11.7279	6834	6876
11.7287	6876	6917
11.743	6917	6958
11.7439	6958	6999
11.7447	6999	7040
11.759	7040	7080
11.7599	7080	7120
11.7607	7120	7160
11.775	7160	7200
11.7759	7200	7239
11.7767	7239	7278
11.791	7278	7317
11.7919	7317	7356
11.7927	7356	7395
11.807	7395	7433
11.8079	7433	7471
11.8087	7471	7509
11.823	7509	7547
11.8239	7547	7585
11.8247	7585	7622
11.839	7622	7659
11.8399	7659	7696
11.8407	7696	7733
11.855	7733	7770
11.8559	7770	7806
11.8567	7806	7842
11.871	7842	7878
11.8719	7878	7914
11.8727	7914	7950
11.887	7950	7986
11.8879	7986	8021
11.8887	8021	8056
11.903	8056	8091
11.9039	8091	8126
11.9047	8126	8161
11.919	8161	8196
11.9199	8196	8231
11.9207	8231	8265
11.935	8265	8299
11.9359	8299	8333
11.9367	8333	8367
11.951	8367	8401
11.9524	8401	8435
11.9665	8435	1232
11.983	1232	1465
11.99	1465	1661
11.9968	1661	1833
12.0033	1833	1989
12.0098	1989	2133
12.0106	2133	2267
12.0176	2267	2393
12.0186	2393	2513
12.0245	2513	2627
12.031	2627	2736
12.0346	2736	2841
12.0378	2841	2942
12.047	2942	3039
12.0479	3039	3133
12.0533	3133	3224
12.063	3224	3313
12.0639	3313	3399
12.0647	3399	3483
12.079	3483	3565
12.0799	3565	3645
12.0807	3645	3723
12.095	3723	3800
12.0959	3800	3875
12.0967	3875	3949
12.111	3949	4021
12.1119	4021	4092
12.1127	4092	4162
12.127	4162	4231
12.1279	4231	4298
12.1287	4298	4364
12.143	4364	4429
12.1439	4429	4493
12.1447	4493	4556
12.159	4556	4619
12.1599	4619	4681
12.1607	4681	4742
12.175	4742	4802
12.1759	4802	4861
12.1767	4861	4920
12.191	4920	4978
12.1919	4978	5035
12.1927	5035	5092
12.207	5092	5148
12.2079	5148	5203
12.2087	5203	5258
12.223	5258	5312
12.2239	5312	5366
12.2247	5366	5419
12.239	5419	5472
12.2399	5472	5524
12.2407	5524	5576
12.255	5576	5627
12.2559	5627	5678
12.2567	5678	5728
12.271	5728	5778
12.2719	5778	5827
12.2727	5827	5876
12.287	5876	5924
12.2879	5924	5972
12.2887	5972	6020
12.303	6020	6067
12.3039	6067	6114
12.3047	6114	6160
12.319	6160	6206
12.3199	6206	6252
12.3207	6252	6297
12.335	6297	6342
12.3359	6342	6387
12.3367	6387	6431
12.351	6431	6475
12.3519	6475	6519
12.3527	6519	6563
12.367	6563	6606
12.3679	6606	6649
12.3687	6649	6692
12.383	6692	6734
12.3839	6734	6776
12.3847	6776	6818
12.399	6818	6860
12.3999	6860	6901
12.4007	6901	6942
12.4159	6942	1072
12.431	1072	1340
12.438	1340	1554
12.4448	1554	1738
12.4513	1738	1903
12.4578	1903	2053
12.4652	2053	2192
12.4717	2192	2323
12.4783	2323	1072
12.4917	1072	1340
12.4987	1340	1554
12.5057	1554	1738
12.5136	1738	1903
12.5202	1903	2053
12.5292	2053	2192
12.5357	2192	2323
12.5366	2323	2446
12.5427	2446	2563
12.5463	2563	2675
12.5497	2675	2782
12.5533	2782	2885
12.5585	2885	2984
12.5621	2984	3080
12.565	3080	3173
12.5745	3173	3263
12.5755	3263	3351
12.5764	3351	3436
12.5905	3436	3519
12.5915	3519	3600
12.5924	3600	3679
12.6065	3679	3757
12.6075	3757	3833
12.6084	3833	3907
12.6225	3907	3980
12.6235	3980	4052
12.6244	4052	4122
12.6385	4122	4191
12.6395	4191	4259
12.6404	4259	4326
12.6545	4326	4392
12.6555	4392	4457
12.6564	4457	4521
12.6705	4521	4584
12.6715	4584	4646
12.6727	4646	4707
12.687	4707	1072
12.7041	1072	1340
12.7111	1340	1554
12.7179	1554	1738
12.7244	1738	1903
12.7309	1903	2053
12.7374	2053	2192
12.744	2192	2323
12.7449	2323	2446
12.7506	2446	2563
12.7542	2563	2675
12.7607	2675	2782
12.7665	2782	1072
12.7794	1072	1340
12.7864	1340	1554
12.7934	1554	1738
12.8082	1738	1072
12.8237	1072	1340
12.8307	1340	1554
12.8377	1554	1738
12.8447	1738	1903
12.8512	1903	2053
12.8577	2053	2192
12.8652	2192	2323
12.8661	2323	2446
12.8722	2446	2563
12.8731	2563	2675
12.8816	2675	2782
12.8826	2782	2885
12.8886	2885	2984
12.8896	2984	3080
12.8972	3080	3173
12.8981	3173	3263
12.9037	3263	3351
12.9045	3351	3436
12.911	3436	3519
12.9119	3519	3600
12.9154	3600	3679
12.927	3679	3757
12.9279	3757	3833
12.9287	3833	3907
12.943	3907	3980
12.9439	3980	4052
12.9447	4052	4122
12.959	4122	4191
12.9599	4191	4259
12.9607	4259	4326
12.975	4326	4392
12.9759	4392	4457
12.9767	4457	4521
12.991	4521	4584
12.9919	4584	4646
12.9927	4646	4707
13.007	4707	4768
13.0079	4768	4828
13.0087	4828	4887
13.023	4887	4945
13.0239	4945	5003
13.0247	5003	5060
13.039	5060	5116
13.0399	5116	5172
13.0407	5172	5227
13.055	5227	5281
13.0559	5281	5335
13.0567	5335	5388
13.071	5388	5441
13.0719	5441	5493
13.0727	5493	5545
13.087	5545	5596
13.0879	5596	5647
13.0887	5647	5697
13.103	5697	5747
13.1039	5747	5796
13.1047	5796	5845
13.119	5845	5894
13.1199	5894	5942
13.1207	5942	5990
13.135	5990	6037
13.1359	6037	6084
13.1367	6084	6131
13.151	6131	6177
13.1519	6177	6223
13.1527	6223	6269
13.167	6269	6314
13.1679	6314	6359
13.1687	6359	6404
13.183	6404	6448
13.1839	6448	6492
13.1847	6492	6536
13.199	6536	6579
13.1999	6579	6622
13.2007	6622	6665
13.215	6665	6708
13.2159	6708	6750
13.2167	6750	6792
13.231	6792	6834
13.2319	6834	6876
13.2327	6876	6917
13.247	6917	6958
13.2479	6958	6999
13.2487	6999	7040
13.263	7040	7080
13.2639	7080	7120
13.2647	7120	7160
13.279	7160	7200
13.2799	7200	7239
13.2807	7239	7278
13.2959	7278	1072
13.311	1072	1340
13.318	1340	1554
13.3248	1554	1738
13.3313	1738	1903
13.3378	1903	2053
13.3452	2053	2192
13.3517	2192	2323
13.3526	2323	2446
13.3583	2446	2563
13.3619	2563	2675
13.3648	2675	2782
13.3687	2782	2885
13.375	2885	2984
13.3786	2984	3080
13.3813	3080	3173
13.391	3173	3263
13.3919	3263	3351
13.3927	3351	3436
13.407	3436	3519
13.4079	3519	3600
13.4087	3600	3679
13.423	3679	3757
13.4239	3757	3833
13.4247	3833	3907
13.439	3907	3980
13.4399	3980	4052
13.4407	4052	4122
13.455	4122	4191
13.4559	4191	4259
13.4567	4259	4326
13.471	4326	4392
13.4719	4392	4457
13.4727	4457	4521
13.487	4521	4584
13.4879	4584	4646
13.4887	4646	4707
13.5041	4707	4768
13.505	4768	4828
13.5058	4828	4887
13.519	4887	4945
13.5199	4945	5003
13.5207	5003	5060
13.535	5060	5116
13.5359	5116	5172
13.5367	5172	5227
13.551	5227	5281
13.5519	5281	5335
13.5527	5335	5388
13.567	5388	5441
13.5679	5441	5493
13.5687	5493	5545
13.583	5545	5596
13.5839	5596	5647
13.5847	5647	5697
13.599	5697	5747
13.5999	5747	5796
13.6007	5796	5845
13.615	5845	5894
13.6159	5894	5942
13.6167	5942	5990
13.631	5990	6037
13.6319	6037	6084
13.6327	6084	6131
13.647	6131	6177
13.6479	6177	6223
13.6487	6223	6269
13.663	6269	6314
13.6639	6314	6359
13.6647	6359	6404
13.679	6404	6448
13.6799	6448	6492
13.6807	6492	6536
13.695	6536	6579
13.6959	6579	6622
13.6967	6622	6665
13.711	6665	6708
13.7119	6708	6750
13.7127	6750	6792
13.727	6792	6834
13.7279	6834	6876
13.7287	6876	6917
13.743	6917	6958
13.7439	6958	6999
13.7447	6999	7040
13.759	7040	7080
13.7599	7080	7120
13.7607	7120	7160
13.775	7160	7200
13.7759	7200	7239
13.7767	7239	7278
13.791	7278	7317
13.7919	7317	7356
13.7927	7356	7395
13.807	7395	7433
13.8079	7433	7471
13.8087	7471	7509
13.823	7509	7547
13.8239	7547	7585
13.8247	7585	7622
13.839	7622	7659
13.8399	7659	7696
13.8407	7696	7733
13.855	7733	7770
13.8559	7770	7806
13.8567	7806	7842
13.871	7842	7878
13.8719	7878	7914
13.8727	7914	7950
13.887	7950	7986
13.8879	7986	8021
13.8887	8021	8056
13.903	8056	8091
13.9039	8091	8126
13.9047	8126	8161
13.919	8161	8196
13.9199	8196	8231
13.9207	8231	8265
13.935	8265	8299
13.9359	8299	8333
13.9367	8333	8367
13.951	8367	8401
13.9519	8401	8435
13.9527	8435	8469
13.967	8469	8502
13.9679	8502	8535
13.9687	8535	8568
13.9841	8568	8601
13.985	8601	8634
13.9858	8634	8667
13.999	8667	8700
13.9999	8700	8733
14.0007	8733	8765
14.015	8765	8797
14.0159	8797	8829
14.0167	8829	8861
14.031	8861	8893
14.0319	8893	8925
14.0465	8925	8957
14.0475	8957	1072
14.063	1072	1340
14.07	1340	1554
14.0768	1554	1738
14.0833	1738	1903
14.0898	1903	2053
14.0972	2053	2192
14.1037	2192	2323
14.1103	2323	1072
14.1237	1072	1340
14.1307	1340	1554
14.1377	1554	1738
14.1456	1738	1903
14.1522	1903	2053
14.1612	2053	2192
14.1677	2192	2323
14.1686	2323	2446
14.1747	2446	2563
14.1783	2563	2675
14.1817	2675	2782
14.1853	2782	2885
14.1905	2885	2984
14.1941	2984	3080
14.197	3080	3173
14.2065	3173	3263
14.2075	3263	3351
14.2084	3351	3436
14.2225	3436	3519
14.2235	3519	3600
14.2247	3600	3679
14.239	3679	1072
14.255	1072	1340
14.262	1340	1554
14.2688	1554	1738
14.2753	1738	1903
14.2818	1903	2053
14.2892	2053	2192
14.2957	2192	2323
14.2966	2323	2446
14.3023	2446	2563
14.3059	2563	2675
14.3088	2675	2782
14.3127	2782	2885
14.319	2885	2984
14.3226	2984	3080
14.3253	3080	3173
14.335	3173	3263
14.3359	3263	3351
14.3367	3351	3436
14.351	3436	3519
14.3519	3519	3600
14.3527	3600	3679
14.367	3679	3757
14.3679	3757	3833
14.3687	3833	3907
14.383	3907	3980
14.3839	3980	4052
14.3847	4052	4122
14.399	4122	4191
14.3999	4191	4259
14.4007	4259	4326
14.415	4326	4392
14.4159	4392	4457
14.4167	4457	4521
14.431	4521	4584
14.4319	4584	4646
14.4327	4646	4707
14.447	4707	4768
14.4479	4768	4828
14.4487	4828	4887
14.463	4887	4945
14.4639	4945	5003
14.4647	5003	5060
14.479	5060	5116
14.4799	5116	5172
14.4807	5172	5227
14.495	5227	5281
14.4959	5281	5335
14.4967	5335	5388
14.511	5388	5441
14.5119	5441	5493
14.5127	5493	5545
14.527	5545	5596
14.5279	5596	5647
14.5287	5647	5697
14.543	5697	5747
14.5439	5747	5796
14.5447	5796	5845
14.559	5845	5894
14.5599	5894	5942
14.5607	5942	5990
14.575	5990	6037
14.5759	6037	6084
14.5767	6084	6131
14.591	6131	6177
14.5919	6177	6223
14.5927	6223	6269
14.607	6269	6314
14.6079	6314	6359
14.6087	6359	6404
14.623	6404	6448
14.6239	6448	6492
14.6247	6492	6536
14.639	6536	6579
14.6399	6579	6622
14.6407	6622	6665
14.655	6665	6708
14.6559	6708	6750
14.6567	6750	6792
14.671	6792	6834
14.6719	6834	6876
14.6727	6876	6917
14.687	6917	6958
14.6879	6958	6999
14.6887	6999	7040
14.703	7040	7080
14.7039	7080	7120
14.7047	7120	7160
14.719	7160	7200
14.7199	7200	7239
14.7207	7239	7278
14.735	7278	7317
14.7359	7317	7356
14.7367	7356	7395
14.751	7395	7433
14.7519	7433	7471
14.7527	7471	7509
14.7675	7509	7547
14.7684	7547	1072
14.783	1072	1340
14.79	1340	1554
14.7968	1554	1738
14.8033	1738	1903
14.8098	1903	2053
14.8172	2053	2192
14.8237	2192	2323
14.8246	2323	2446
14.8303	2446	2563
14.8339	2563	2675
14.8368	2675	2782
14.8407	2782	2885
14.847	2885	2984
14.8506	2984	3080
14.8533	3080	3173
14.863	3173	3263
14.8639	3263	3351
14.8647	3351	3436
14.879	3436	3519
14.8799	3519	3600
14.8807	3600	3679
14.895	3679	3757
14.8959	3757	3833
14.8967	3833	3907
14.911	3907	3980
14.9119	3980	4052
14.9127	4052	4122
14.927	4122	4191
14.9279	4191	4259
14.9287	4259	4326
14.943	4326	4392
14.9439	4392	4457
14.9447	4457	4521
14.959	4521	4584
14.9599	4584	4646
14.9607	4646	4707
14.975	4707	4768
14.9759	4768	4828
14.9767	4828	4887
14.991	4887	4945
14.9919	4945	5003
14.9927	5003	5060
15.007	5060	5116
15.008	5116	5172
15.0087	5172	5227
15.023	5227	5281
15.0239	5281	5335
15.0247	5335	5388
15.039	5388	5441
15.0399	5441	5493
15.0407	5493	5545
15.055	5545	5596
15.0559	5596	5647
15.0567	5647	5697
15.071	5697	5747
15.0719	5747	5796
15.0727	5796	5845
15.087	5845	5894
15.0879	5894	5942
15.0887	5942	5990
15.103	5990	6037
15.1039	6037	6084
15.1047	6084	6131
15.119	6131	6177
15.1199	6177	6223
15.1207	6223	6269
15.135	6269	6314
15.1359	6314	6359
15.1367	6359	6404
15.1533	6404	6448
15.1543	6448	6492
15.1551	6492	6536
15.1696	6536	6579
15.1706	6579	6622
15.1714	6622	6665
15.1856	6665	6708
15.1866	6708	6750
15.1874	6750	6792
15.2016	6792	6834
15.2026	6834	6876
15.2034	6876	6917
15.2176	6917	6958
15.2186	6958	6999
15.2194	6999	7040
15.2336	7040	7080
15.2346	7080	7120
15.2354	7120	7160
15.2496	7160	7200
15.2506	7200	7239
15.2514	7239	7278
15.2656	7278	7317
15.2666	7317	7356
15.2674	7356	7395
15.2816	7395	7433
15.2826	7433	7471
15.2834	7471	7509
15.2976	7509	7547
15.2986	7547	7585
15.2994	7585	7622
15.3136	7622	7659
15.3146	7659	7696
15.3154	7696	7733
15.3296	7733	7770
15.3306	7770	7806
15.3314	7806	7842
15.3456	7842	7878
15.3466	7878	7914
15.3474	7914	7950
15.3616	7950	7986
15.3626	7986	8021
15.3634	8021	8056
15.3776	8056	8091
15.3786	8091	8126
15.3794	8126	8161
15.3936	8161	8196
15.3951	8196	8231
15.4092	8231	1232
15.4256	1232	1465
15.4326	1465	1661
15.4443	1661	1833
15.4508	1833	1989
15.4598	1989	2133
15.4663	2133	2267
15.4741	2267	2393
15.4751	2393	2513
15.4811	2513	2627
15.482	2627	2736
15.4901	2736	2841
15.4911	2841	2942
15.4966	2942	3039
15.4976	3039	3133
15.5056	3133	3224
15.5066	3224	3313
15.5074	3313	3399
15.519	3399	3483
15.5199	3483	3565
15.5207	3565	3645
15.5359	3645	3723
15.5369	3723	3800
15.5376	3800	3875
15.5533	3875	3949
15.5543	3949	4021
15.5551	4021	4092
15.5696	4092	4162
15.5706	4162	4231
15.5714	4231	4298
15.5856	4298	4364
15.5866	4364	4429
15.5874	4429	4493
15.6016	4493	4556
15.6026	4556	4619
15.6034	4619	4681
15.6176	4681	4742
15.6186	4742	4802
15.6194	4802	4861
15.6336	4861	4920
15.6346	4920	4978
15.6354	4978	5035
15.6496	5035	5092
15.6506	5092	5148
15.6514	5148	5203
15.6656	5203	5258
15.6666	5258	5312
15.6674	5312	5366
15.6816	5366	5419
15.6826	5419	5472
15.6834	5472	5524
15.6976	5524	5576
15.6986	5576	5627
15.6994	5627	5678
15.7136	5678	5728
15.7146	5728	5778
15.7154	5778	5827
15.7296	5827	5876
15.7306	5876	5924
15.7314	5924	5972
15.7456	5972	6020
15.7466	6020	6067
15.7474	6067	6114
15.7616	6114	6160
15.7626	6160	6206
15.7634	6206	6252
15.7776	6252	6297
15.7786	6297	6342
15.7794	6342	6387
15.7936	6387	6431
15.7946	6431	6475
15.7954	6475	6519
15.8096	6519	6563
15.8106	6563	6606
15.8114	6606	6649
15.8256	6649	6692
15.8266	6692	6734
15.8274	6734	6776
15.8416	6776	6818
15.8426	6818	6860
15.8434	6860	6901
15.8576	6901	6942
15.8586	6942	6983
15.8594	6983	7024
15.8736	7024	7064
15.8746	7064	7104
15.8754	7104	7144
15.8896	7144	7184
15.8906	7184	7223
15.8914	7223	7262
15.9056	7262	7301
15.9066	7301	7340
15.9074	7340	7379
15.9216	7379	7417
15.9226	7417	7455
15.9234	7455	7493
15.9376	7493	7531
15.9386	7531	7569
15.9394	7569	7606
15.9536	7606	7643
15.9546	7643	7680
15.9554	7680	7717
15.9696	7717	7754
15.9706	7754	7791
15.9714	7791	7827
15.9856	7827	7863
15.9866	7863	7899
15.9874	7899	7935
16.0016	7935	7971
16.0026	7971	8007
16.0034	8007	8042
16.0176	8042	8077
16.0186	8077	8112
16.0194	8112	8147
16.0336	8147	8182
16.0346	8182	8217
16.0354	8217	8251
16.0496	8251	8285
16.0506	8285	8319
16.0514	8319	8353
16.0656	8353	8387
16.0666	8387	8421
16.0674	8421	8455
16.0816	8455	8488
16.0826	8488	8521
16.0834	8521	8554
16.0976	8554	8587
16.0986	8587	8620
16.0994	8620	8653
16.1136	8653	8686
16.1146	8686	8719
16.1154	8719	8751
16.1296	8751	8783
16.1306	8783	8815
16.1314	8815	8847
16.1456	8847	8879
16.1466	8879	8911
16.1474	8911	8943
16.1616	8943	8975
16.1626	8975	9007
16.1634	9007	9038
16.1776	9038	9069
16.1786	9069	9100
16.1794	9100	9131
16.1936	9131	9162
16.1946	9162	9193
16.1954	9193	9224
16.2096	9224	9255
16.2106	9255	9286
16.2114	9286	9316
16.2256	9316	9346
16.2266	9346	9376
16.2274	9376	9406
16.2416	9406	9436
16.2426	9436	9466
16.2434	9466	9496
16.2576	9496	9526
16.2586	9526	9556
16.2594	9556	9586
16.2736	9586	9615
16.2746	9615	9644
16.2754	9644	9673
16.2896	9673	9702
16.2906	9702	9731
16.2914	9731	9760
16.3056	9760	9789
16.3066	9789	9818
16.3074	9818	9847
16.3216	9847	9876
16.3226	9876	9905
16.3234	9905	9934
16.3376	9934	9962
16.3386	9962	9990
16.3394	9990	10018
16.3536	10018	10046
16.3546	10046	10074
16.3554	10074	10102
16.3696	10102	10130
16.3706	10130	10158
16.3714	10158	10186
16.3856	10186	10214
16.3866	10214	10242
16.3874	10242	10270
16.4016	10270	10297
16.4026	10297	10324
16.4034	10324	10351
16.4176	10351	10378
16.4186	10378	10405
16.4194	10405	10432
16.4336	10432	10459
16.4346	10459	10486
16.4354	10486	10513
16.4496	10513	10540
16.4506	10540	10567
16.4514	10567	10594
16.4656	10594	10621
16.4666	10621	10648
16.4674	10648	10674
16.4816	10674	10700
16.4826	10700	10726
16.4834	10726	10752
16.4976	10752	10778
16.4986	10778	10804
16.4994	10804	10830
16.5136	10830	10856
16.5146	10856	10882
16.5154	10882	10908
16.5296	10908	10934
16.5306	10934	10960
16.5314	10960	10986
16.5456	10986	11012
16.5466	11012	11038
16.5474	11038	11064
16.5616	11064	11089
16.5626	11089	11114
16.5634	11114	11139
16.5776	11139	11164
16.5786	11164	11189
16.5794	11189	11214
16.5936	11214	11239
16.5946	11239	11264
16.5954	11264	11289
16.6096	11289	11314
16.6106	11314	11339
16.6114	11339	11364
16.6256	11364	11389
16.6266	11389	11414
16.6274	11414	11439
16.6416	11439	11464
16.6426	11464	11489
16.6434	11489	11514
16.6576	11514	11538
16.6586	11538	11562
16.6594	11562	11586
16.6736	11586	11610
16.6746	11610	11634
16.6754	11634	11658
16.6896	11658	11682
16.6906	11682	11706
16.6914	11706	11730
16.7056	11730	11754
16.7066	11754	11778
16.7074	11778	11802
16.7216	11802	11826
16.7226	11826	11850
16.7234	11850	11874
16.7376	11874	11898
16.7386	11898	11922
16.7394	11922	11946
16.7536	11946	11970
16.7546	11970	11994
16.7554	11994	12017
16.7696	12017	12040
16.7706	12040	12063
16.7714	12063	12086
16.7856	12086	12109
16.7866	12109	12132
16.7874	12132	12155
16.8016	12155	12178
16.8026	12178	12201
16.8034	12201	12224
16.8176	12224	12247
16.8186	12247	12270
16.8194	12270	12293
16.8336	12293	12316
16.8346	12316	12339
16.8354	12339	12362
16.8479	12362	12385
16.8489	12385	12408
16.8496	12408	12431
16.8635	12431	12454
16.8644	12454	12477
16.8652	12477	12500
16.879	12500	12522
16.8799	12522	12544
16.8807	12544	12566
16.895	12566	12588
16.8967	12588	1072
16.9119	1072	1340
16.9189	1340	1554
16.9257	1554	1738
16.9322	1738	1903
16.9388	1903	2053
16.9478	2053	2192
16.9543	2192	2323
16.9553	2323	2446
16.9643	2446	2563
16.9652	2563	2675
16.9713	2675	2782
16.9772	2782	2885
16.9808	2885	2984
16.9837	2984	3080
16.9932	3080	3173
16.9941	3173	3263
16.9951	3263	3351
17.0092	3351	3436
17.0101	3436	3519
17.0111	3519	3600
17.0252	3600	3679
17.0261	3679	3757
17.0271	3757	3833
17.0412	3833	3907
17.0421	3907	3980
17.0431	3980	4052
17.0572	4052	4122
17.0581	4122	4191
17.0591	4191	4259
17.0732	4259	4326
17.0741	4326	4392
17.0751	4392	4457
17.0892	4457	4521
17.0901	4521	4584
17.0911	4584	4646
17.1052	4646	4707
17.1061	4707	4768
17.1071	4768	4828
17.1212	4828	4887
17.1221	4887	4945
17.1231	4945	5003
17.1372	5003	5060
17.1381	5060	5116
17.1391	5116	5172
17.1532	5172	5227
17.1541	5227	5281
17.1551	5281	5335
17.1692	5335	5388
17.1701	5388	5441
17.1711	5441	5493
17.1852	5493	5545
17.1861	5545	5596
17.1871	5596	5647
17.2012	5647	5697
17.2021	5697	5747
17.2031	5747	5796
17.2172	5796	5845
17.2181	5845	5894
17.2191	5894	5942
17.2332	5942	5990
17.2341	5990	6037
17.2351	6037	6084
17.2492	6084	6131
17.2501	6131	6177
17.2511	6177	6223
17.2652	6223	6269
17.2661	6269	6314
17.2671	6314	6359
17.2812	6359	6404
17.2821	6404	6448
17.2831	6448	6492
17.2972	6492	6536
17.2981	6536	6579
17.2991	6579	6622
17.3132	6622	6665
17.3141	6665	6708
17.3151	6708	6750
17.3292	6750	6792
17.3301	6792	6834
17.3311	6834	6876
17.3452	6876	6917
17.3461	6917	6958
17.3471	6958	6999
17.3612	6999	7040
17.3621	7040	7080
17.3631	7080	7120
17.3772	7120	7160
17.3781	7160	7200
17.3791	7200	7239
17.3932	7239	7278
17.3941	7278	7317
17.3951	7317	7356
17.4092	7356	7395
17.4101	7395	7433
17.4111	7433	7471
17.4252	7471	7509
17.4261	7509	7547
17.4271	7547	7585
17.4412	7585	7622
17.4421	7622	7659
17.4431	7659	7696
17.4572	7696	7733
17.4581	7733	7770
17.4591	7770	7806
17.4732	7806	7842
17.4741	7842	7878
17.4751	7878	7914
17.4892	7914	7950
17.4901	7950	7986
17.4911	7986	8021
17.5052	8021	8056
17.5061	8056	8091
17.5071	8091	8126
17.5212	8126	8161
17.5221	8161	8196
17.5231	8196	8231
17.5372	8231	8265
17.5381	8265	8299
17.5391	8299	8333
17.5532	8333	8367
17.5541	8367	8401
17.5551	8401	8435
17.5692	8435	8469
17.5701	8469	8502
17.5711	8502	8535
17.5852	8535	8568
17.5861	8568	8601
17.5871	8601	8634
17.6012	8634	8667
17.6021	8667	8700
17.6031	8700	8733
17.6172	8733	8765
17.6181	8765	8797
17.6191	8797	8829
17.6332	8829	8861
17.6341	8861	8893
17.6351	8893	8925
17.6492	8925	8957
17.6501	8957	8989
17.6511	8989	9020
17.6652	9020	9051
17.6661	9051	9082
17.6671	9082	9113
17.6812	9113	9144
17.6821	9144	9175
17.6831	9175	9206
17.6955	9206	9237
17.6964	9237	9268
17.6973	9268	9298
17.711	9298	9328
17.7119	9328	9358
17.7129	9358	9388
17.7265	9388	9418
17.7275	9418	9448
17.7284	9448	9478
17.7425	9478	9508
17.7435	9508	9538
17.7444	9538	9568
17.7585	9568	9598
17.7595	9598	9627
17.7604	9627	9656
17.7745	9656	9685
17.7755	9685	9714
17.7764	9714	9743
17.7905	9743	9772
17.7915	9772	9801
17.7924	9801	9830
17.8076	9830	9859
17.8086	9859	9888
17.8095	9888	9917
17.8225	9917	9945
17.8235	9945	9973
17.8244	9973	10001
17.8385	10001	10029
17.8395	10029	10057
17.8404	10057	10085
17.8545	10085	10113
17.8555	10113	10141
17.8564	10141	10169
17.8705	10169	10197
17.8715	10197	10225
17.8724	10225	10253
17.8865	10253	10281
17.8875	10281	10308
17.8884	10308	10335
17.9025	10335	10362
17.9035	10362	10389
17.9044	10389	10416
17.921	10416	10443
17.922	10443	10470
17.9229	10470	10497
17.9372	10497	10524
17.9381	10524	10551
17.9391	10551	10578
17.9532	10578	10605
17.9541	10605	10632
17.9551	10632	10659
17.9692	10659	10685
17.9701	10685	10711
17.9711	10711	10737
17.9852	10737	10763
17.9861	10763	10789
17.9871	10789	10815
18.0012	10815	10841
18.0021	10841	10867
18.0031	10867	10893
18.0172	10893	10919
18.0181	10919	10945
18.0191	10945	10971
18.0332	10971	10997
18.0341	10997	11023
18.0351	11023	11049
18.0492	11049	11075
18.0501	11075	11100
18.0511	11100	11125
18.0652	11125	11150
18.0661	11150	11175
18.0671	11175	11200
18.0812	11200	11225
18.0821	11225	11250
18.0831	11250	11275
18.0972	11275	11300
18.0981	11300	11325
18.0991	11325	11350
18.1132	11350	11375
18.1141	11375	11400
18.1151	11400	11425
18.1292	11425	11450
18.1301	11450	11475
18.1311	11475	11500
18.1452	11500	11524
18.1461	11524	11548
18.1471	11548	11572
18.1612	11572	11596
18.1621	11596	11620
18.1631	11620	11644
18.1772	11644	11668
18.1781	11668	11692
18.1791	11692	11716
18.1932	11716	11740
18.1941	11740	11764
18.1951	11764	11788
18.2092	11788	11812
18.2101	11812	11836
18.2111	11836	11860
18.2252	11860	11884
18.2261	11884	11908
18.2271	11908	11932
18.2412	11932	11956
18.2421	11956	11980
18.2431	11980	12003
18.2555	12003	12026
18.2574	12026	1072
18.271	1072	1340
18.278	1340	1554
18.2848	1554	1738
18.2913	1738	1903
18.2978	1903	2053
18.3061	2053	2192
18.3136	2192	2323
18.3145	2323	2446
18.3226	2446	2563
18.3235	2563	2675
18.3296	2675	2782
18.3356	2782	2885
18.3392	2885	2984
18.3426	2984	3080
18.3505	3080	3173
18.3515	3173	3263
18.3524	3263	3351
18.3665	3351	3436
18.3675	3436	3519
18.3684	3519	3600
18.3852	3600	3679
18.3861	3679	3757
18.3871	3757	3833
18.4012	3833	3907
18.4021	3907	3980
18.4031	3980	4052
18.4172	4052	4122
18.4181	4122	4191
18.4191	4191	4259
18.4332	4259	4326
18.4341	4326	4392
18.4351	4392	4457
18.4492	4457	4521
18.4501	4521	4584
18.4511	4584	4646
18.4652	4646	4707
18.4661	4707	4768
18.4671	4768	4828
18.4812	4828	4887
18.4821	4887	4945
18.4831	4945	5003
18.4972	5003	5060
18.4981	5060	5116
18.4991	5116	5172
18.5132	5172	5227
18.5141	5227	5281
18.5151	5281	5335
18.5292	5335	5388
18.5301	5388	5441
18.5311	5441	5493
18.5452	5493	5545
18.5461	5545	5596
18.5471	5596	5647
18.5612	5647	5697
18.5621	5697	5747
18.5631	5747	5796
18.5772	5796	5845
18.5781	5845	5894
18.5791	5894	5942
18.5932	5942	5990
18.5941	5990	6037
18.5951	6037	6084
18.6092	6084	6131
18.6101	6131	6177
18.6111	6177	6223
18.6252	6223	6269
18.6261	6269	6314
18.6271	6314	6359
18.6412	6359	6404
18.6421	6404	6448
18.6431	6448	6492
18.6572	6492	6536
18.6581	6536	6579
18.6591	6579	6622
18.6732	6622	6665
18.6741	6665	6708
18.6751	6708	6750
18.6892	6750	6792
18.6901	6792	6834
18.6911	6834	6876
18.7052	6876	6917
18.7061	6917	6958
18.7071	6958	6999
18.7212	6999	7040
18.7221	7040	7080
18.7231	7080	7120
18.7372	7120	7160
18.7381	7160	7200
18.7391	7200	7239
18.7532	7239	7278
18.7541	7278	7317
18.7551	7317	7356
18.7692	7356	7395
18.7701	7395	7433
18.7711	7433	7471
18.7852	7471	7509
18.7861	7509	7547
18.7871	7547	7585
18.8012	7585	7622
18.8021	7622	7659
18.8031	7659	7696
18.8172	7696	7733
18.8181	7733	7770
18.8191	7770	7806
18.8332	7806	7842
18.8341	7842	7878
18.8351	7878	7914
18.8492	7914	7950
18.8501	7950	7986
18.8511	7986	8021
18.8652	8021	8056
18.8661	8056	8091
18.8671	8091	8126
18.8812	8126	8161
18.8821	8161	8196
18.8831	8196	8231
18.8972	8231	8265
18.8981	8265	8299
18.8991	8299	8333
18.9132	8333	8367
18.9141	8367	8401
18.9151	8401	8435
18.9292	8435	8469
18.9301	8469	8502
18.9311	8502	8535
18.9452	8535	8568
18.9461	8568	8601
18.9471	8601	8634
18.9612	8634	8667
18.9621	8667	8700
18.9631	8700	8733
18.9772	8733	8765
18.9781	8765	8797
18.9791	8797	8829
18.9932	8829	8861
18.9941	8861	8893
18.9951	8893	8925
19.0092	8925	8957
19.0101	8957	8989
19.0114	8989	9020
19.0257	9020	1072
19.0426	1072	1340
19.0496	1340	1554
19.0581	1554	1738
19.0651	1738	1903
19.0732	1903	2053
19.0797	2053	2192
19.0862	2192	2323
19.0871	2323	2446
19.0932	2446	2563
19.0941	2563	2675
19.1002	2675	2782
19.1035	2782	2885
19.11	2885	1072
19.124	1072	1340
19.131	1340	1554
19.1403	1554	1738
19.1473	1738	1903
19.1558	1903	2053
19.1623	2053	2192
19.1718	2192	2323
19.1728	2323	2446
19.1788	2446	2563
19.1798	2563	2675
19.1883	2675	2782
19.1892	2782	2885
19.1953	2885	2984
19.1962	2984	3080
19.2043	3080	3173
19.2052	3173	3263
19.206	3263	3351
19.2176	3351	3436
19.2186	3436	3519
19.2194	3519	3600
19.2319	3600	3679
19.2329	3679	3757
19.2336	3757	3833
19.2475	3833	3907
19.2484	3907	3980
19.2492	3980	4052
19.263	4052	4122
19.2639	4122	4191
19.2647	4191	4259
19.279	4259	4326
19.2799	4326	4392
19.2807	4392	4457
19.2959	4457	4521
19.2969	4521	4584
19.2976	4584	4646
19.3133	4646	4707
19.3143	4707	4768
19.3151	4768	4828
19.3296	4828	4887
19.3306	4887	4945
19.3314	4945	5003
19.3456	5003	5060
19.3466	5060	5116
19.3474	5116	5172
19.3616	5172	5227
19.3626	5227	5281
19.3634	5281	5335
19.3776	5335	5388
19.3786	5388	5441
19.3794	5441	5493
19.3936	5493	5545
19.3946	5545	5596
19.3954	5596	5647
19.4096	5647	5697
19.4106	5697	5747
19.4114	5747	5796
19.4256	5796	5845
19.4266	5845	5894
19.4274	5894	5942
19.4416	5942	5990
19.4426	5990	6037
19.4434	6037	6084
19.4576	6084	6131
19.4586	6131	6177
19.4594	6177	6223
19.4719	6223	6269
19.4729	6269	6314
19.4736	6314	6359
19.4875	6359	6404
19.4884	6404	6448
19.4892	6448	6492
19.503	6492	6536
19.5039	6536	6579
19.5047	6579	6622
19.5204	6622	6665
19.5213	6665	6708
19.5221	6708	6750
19.5373	6750	6792
19.5383	6792	6834
19.5391	6834	6876
19.5536	6876	6917
19.5546	6917	6958
19.5554	6958	6999
19.5696	6999	7040
19.5706	7040	7080
19.5714	7080	7120
19.5856	7120	7160
19.5866	7160	7200
19.5874	7200	7239
19.6016	7239	7278
19.6026	7278	7317
19.6034	7317	7356
19.6176	7356	7395
19.6186	7395	7433
19.6194	7433	7471
19.6336	7471	7509
19.6346	7509	7547
19.6354	7547	7585
19.6496	7585	7622
19.6506	7622	7659
19.6514	7659	7696
19.6656	7696	7733
19.6666	7733	7770
19.6674	7770	7806
19.6816	7806	7842
19.6826	7842	7878
19.6834	7878	7914
19.6976	7914	7950
19.6986	7950	7986
19.6994	7986	8021
19.7136	8021	8056
19.7146	8056	8091
19.7154	8091	8126
19.7296	8126	8161
19.7306	8161	8196
19.7314	8196	8231
19.7456	8231	8265
19.7466	8265	8299
19.7474	8299	8333
19.7616	8333	8367
19.7626	8367	8401
19.7634	8401	8435
19.7776	8435	8469
19.7786	8469	8502
19.7794	8502	8535
19.7936	8535	8568
19.7946	8568	8601
19.7954	8601	8634
19.8096	8634	8667
19.8106	8667	8700
19.8114	8700	8733
19.8256	8733	8765
19.8266	8765	8797
19.8274	8797	8829
19.8426	8829	1072
19.8603	1072	1340
19.8673	1340	1554
19.8763	1554	1738
19.8833	1738	1903
19.8918	1903	2053
19.8983	2053	2192
19.9078	2192	2323
19.9088	2323	2446
19.9148	2446	2563
19.9158	2563	2675
19.9226	2675	2782
19.9235	2782	2885
19.9296	2885	2984
19.9305	2984	3080
19.9386	3080	3173
19.9395	3173	3263
19.9403	3263	3351
19.9536	3351	3436
19.9546	3436	3519
19.9554	3519	3600
19.9696	3600	3679
19.9706	3679	3757
19.9714	3757	3833
19.9856	3833	3907
19.9866	3907	3980
19.9874	3980	4052
20.0016	4052	4122
20.0026	4122	4191
20.0034	4191	4259
20.0176	4259	4326
20.0186	4326	4392
20.0194	4392	4457
20.0336	4457	4521
20.0346	4521	4584
20.0354	4584	4646
20.0496	4646	4707
20.0506	4707	4768
20.0514	4768	4828
20.0656	4828	4887
20.0666	4887	4945
20.0674	4945	5003
20.0826	5003	1072
20.0976	1072	1340
20.1046	1340	1554
20.1136	1554	1738
20.1206	1738	1903
20.1292	1903	2053
20.1357	2053	2192
20.1422	2192	2323
20.1431	2323	2446
20.1492	2446	2563
20.1501	2563	2675
20.1562	2675	2782
20.1612	2782	2885
20.1627	2885	2984
20.1677	2984	3080
20.1772	3080	3173
20.1781	3173	3263
20.1791	3263	3351
20.1932	3351	3436
20.1941	3436	3519
20.1951	3519	3600
20.2092	3600	3679
20.2101	3679	3757
20.2111	3757	3833
20.2252	3833	3907
20.2261	3907	3980
20.2271	3980	4052
20.2412	4052	4122
20.2421	4122	4191
20.2431	4191	4259
20.2572	4259	4326
20.2581	4326	4392
20.2591	4392	4457
20.2732	4457	4521
20.2741	4521	4584
20.2751	4584	4646
20.2892	4646	4707
20.2901	4707	4768
20.2911	4768	4828
20.3052	4828	4887
20.3061	4887	4945
20.3071	4945	5003
20.3212	5003	5060
20.3221	5060	5116
20.3231	5116	5172
20.3372	5172	5227
20.3381	5227	5281
20.3391	5281	5335
20.3532	5335	5388
20.3541	5388	5441
20.3551	5441	5493
20.3692	5493	5545
20.3701	5545	5596
20.3711	5596	5647
20.3852	5647	5697
20.3871	5697	1072
20.4016	1072	1340
20.4086	1340	1554
20.4176	1554	1738
20.4246	1738	1903
20.4332	1903	2053
20.4397	2053	2192
20.4462	2192	2323
20.4471	2323	2446
20.4532	2446	2563
20.4541	2563	2675
20.4602	2675	2782
20.4652	2782	2885
20.4667	2885	2984
20.4717	2984	3080
20.4812	3080	3173
20.4821	3173	3263
20.4831	3263	3351
20.4972	3351	3436
20.4981	3436	3519
20.4991	3519	3600
20.5132	3600	3679
20.5141	3679	3757
20.5151	3757	3833
20.5292	3833	3907
20.5301	3907	3980
20.5311	3980	4052
20.5452	4052	4122
20.5461	4122	4191
20.5471	4191	4259
20.5612	4259	4326
20.5621	4326	4392
20.5631	4392	4457
20.5772	4457	4521
20.5781	4521	4584
20.5791	4584	4646
20.5932	4646	4707
20.5941	4707	4768
20.5951	4768	4828
20.6092	4828	4887
20.6101	4887	4945
20.6111	4945	5003
20.6252	5003	5060
20.6261	5060	5116
20.6271	5116	5172
20.6412	5172	5227
20.6421	5227	5281
20.6431	5281	5335
20.6572	5335	5388
20.6581	5388	5441
20.6591	5441	5493
20.6732	5493	5545
20.6741	5545	5596
20.6751	5596	5647
20.6892	5647	5697
20.6901	5697	5747
20.6911	5747	5796
20.7052	5796	5845
20.7061	5845	5894
20.7071	5894	5942
20.7212	5942	5990
20.7221	5990	6037
20.7231	6037	6084
20.7372	6084	6131
20.7381	6131	6177
20.7391	6177	6223
20.7532	6223	6269
20.7541	6269	6314
20.7551	6314	6359
20.7692	6359	6404
20.7701	6404	6448
20.7711	6448	6492
20.7852	6492	6536
20.7861	6536	6579
20.7871	6579	6622
20.8012	6622	6665
20.8021	6665	6708
20.8031	6708	6750
20.8172	6750	6792
20.8181	6792	6834
20.8191	6834	6876
20.8332	6876	6917
20.8341	6917	6958
20.8351	6958	6999
20.8492	6999	7040
20.8501	7040	7080
20.8514	7080	7120
20.8657	7120	1072
20.8816	1072	1340
20.8886	1340	1554
20.8976	1554	1738
20.9046	1738	1903
20.9132	1903	2053
20.9197	2053	2192
20.9262	2192	2323
20.9271	2323	2446
20.9332	2446	2563
20.9341	2563	2675
20.9402	2675	2782
20.9452	2782	2885
20.9467	2885	2984
20.9517	2984	3080
20.9612	3080	3173
20.9621	3173	3263
20.9631	3263	3351
20.9755	3351	3436
20.9764	3436	3519
20.9773	3519	3600
20.991	3600	3679
20.9919	3679	3757
20.9929	3757	3833
21.0065	3833	3907
21.0075	3907	3980
21.0084	3980	4052
21.0233	4052	4122
21.0242	4122	4191
21.0252	4191	4259
21.0399	4259	4326
21.0409	4326	4392
21.0418	4392	4457
21.0572	4457	4521
21.0581	4521	4584
21.0591	4584	4646
21.0732	4646	4707
21.0741	4707	4768
21.0751	4768	4828
21.0892	4828	4887
21.0901	4887	4945
21.0911	4945	5003
21.1052	5003	5060
21.1061	5060	5116
21.1071	5116	5172
21.1212	5172	5227
21.1221	5227	5281
21.1231	5281	5335
21.1372	5335	5388
21.1381	5388	5441
21.1391	5441	5493
21.1532	5493	5545
21.1541	5545	5596
21.1551	5596	5647
21.1692	5647	5697
21.1701	5697	5747
21.1711	5747	5796
21.1852	5796	5845
21.1861	5845	5894
21.1871	5894	5942
21.2012	5942	5990
21.2021	5990	6037
21.2031	6037	6084
21.2172	6084	6131
21.2181	6131	6177
21.2191	6177	6223
21.2332	6223	6269
21.2341	6269	6314
21.2351	6314	6359
21.2492	6359	6404
21.2501	6404	6448
21.2511	6448	6492
21.2652	6492	6536
21.2661	6536	6579
21.2671	6579	6622
21.2812	6622	6665
21.2821	6665	6708
21.2831	6708	6750
21.2972	6750	6792
21.2981	6792	6834
21.2991	6834	6876
21.3132	6876	6917
21.3141	6917	6958
21.3151	6958	6999
21.3292	6999	7040
21.3301	7040	7080
21.3311	7080	7120
21.3452	7120	7160
21.3461	7160	7200
21.3471	7200	7239
21.3595	7239	7278
21.3604	7278	7317
21.3613	7317	7356
21.3759	7356	1072
21.391	1072	1340
21.398	1340	1554
21.4048	1554	1738
21.4113	1738	1903
21.4178	1903	2053
21.4249	2053	2192
21.4314	2192	2323
21.4323	2323	2446
21.438	2446	2563
21.4416	2563	2675
21.4445	2675	2782
21.4485	2782	2885
21.4576	2885	2984
21.4586	2984	3080
21.464	3080	3173
21.4736	3173	3263
21.4746	3263	3351
21.4754	3351	3436
21.4896	3436	3519
21.4906	3519	3600
21.4914	3600	3679
21.5056	3679	3757
21.5066	3757	3833
21.5074	3833	3907
21.5216	3907	3980
21.5226	3980	4052
21.5234	4052	4122
21.5376	4122	4191
21.5386	4191	4259
21.5394	4259	4326
21.5536	4326	4392
21.5546	4392	4457
21.5554	4457	4521
21.5696	4521	4584
21.5706	4584	4646
21.5714	4646	4707
21.5856	4707	4768
21.5866	4768	4828
21.5874	4828	4887
21.6016	4887	4945
21.6026	4945	5003
21.6034	5003	5060
21.6176	5060	5116
21.6186	5116	5172
21.6194	5172	5227
21.6336	5227	5281
21.6346	5281	5335
21.6354	5335	5388
21.6479	5388	5441
21.6489	5441	5493
21.6496	5493	5545
21.6635	5545	5596
21.6644	5596	5647
21.6652	5647	5697
21.679	5697	5747
21.6799	5747	5796
21.6807	5796	5845
21.6957	5845	5894
21.6967	5894	5942
21.6975	5942	5990
21.7124	5990	6037
21.7133	6037	6084
21.7141	6084	6131
21.7296	6131	6177
21.7306	6177	6223
21.7314	6223	6269
21.7456	6269	6314
21.7466	6314	6359
21.7474	6359	6404
21.7616	6404	6448
21.7626	6448	6492
21.7634	6492	6536
21.7776	6536	6579
21.7786	6579	6622
21.7794	6622	6665
21.7936	6665	6708
21.7946	6708	6750
21.7954	6750	6792
21.8096	6792	6834
21.8106	6834	6876
21.8114	6876	6917
21.8256	6917	6958
21.8266	6958	6999
21.8274	6999	7040
21.8416	7040	7080
21.8426	7080	7120
21.8434	7120	7160
21.8576	7160	7200
21.8594	7200	1072
21.8736	1072	1340
21.8806	1340	1554
22.0892	1554	1738
22.1037	1738	1072
22.1167	1072	1340
22.1237	1340	1554
22.1307	1554	1738
22.1377	1738	1903
22.1452	1903	2053
22.1517	2053	2192
22.1582	2192	2323
22.1591	2323	2446
22.1652	2446	2563
22.1661	2563	2675
22.1722	2675	2782
22.1731	2782	2885
22.1792	2885	2984
22.1801	2984	3080
22.1857	3080	3173
22.1866	3173	3263
22.1932	3263	3351
22.1941	3351	3436
22.1951	3436	3519
22.2002	3519	3600
22.2011	3600	3679
22.202	3679	3757
22.2096	3757	3833
22.2106	3833	3907
22.2115	3907	3980
22.2162	3980	4052
22.2171	4052	4122
22.218	4122	4191
22.2252	4191	4259
22.2261	4259	4326
22.2271	4326	4392
22.2317	4392	4457
22.2326	4457	4521
22.2336	4521	4584
22.2345	4584	4646
22.2387	4646	4707
22.2423	4707	4768
22.2432	4768	4828
22.2442	4828	4887
22.2457	4887	4945
22.2493	4945	5003
22.2502	5003	5060
22.2512	5060	5116
22.2522	5116	5172
22.2572	5172	5227
22.2581	5227	5281
22.2591	5281	5335
22.26	5335	5388
22.2637	5388	5441
22.2646	5441	5493
22.2656	5493	5545
22.2665	5545	5596
22.2675	5596	5647
22.2707	5647	5697
22.2743	5697	5747
22.2752	5747	5796
22.2762	5796	5845
22.2771	5845	5894
22.2781	5894	5942
22.2813	5942	5990
22.2822	5990	6037
22.2832	6037	6084
22.2841	6084	6131
22.285	6131	6177
22.2892	6177	6223
22.2901	6223	6269
22.2911	6269	6314
22.292	6314	6359
22.293	6359	6404
22.2957	6404	6448
22.2963	6448	6492
22.3056	6492	6536
22.3066	6536	6579
22.3074	6579	6622
22.3216	6622	6665
22.3226	6665	6708
22.3234	6708	6750
22.3376	6750	6792
22.3386	6792	6834
22.3394	6834	6876
22.3536	6876	6917
22.3546	6917	6958
22.3554	6958	6999
22.3696	6999	7040
22.3706	7040	7080
22.3714	7080	7120
22.3856	7120	7160
22.3866	7160	7200
22.3874	7200	7239
22.4016	7239	7278
22.4026	7278	7317
22.4034	7317	7356
22.4176	7356	7395
22.4186	7395	7433
22.4194	7433	7471
22.4336	7471	7509
22.4346	7509	7547
22.4354	7547	7585
22.4496	7585	7622
22.4506	7622	7659
22.4514	7659	7696
22.4656	7696	7733
22.4666	7733	7770
22.4674	7770	7806
22.4816	7806	7842
22.4826	7842	7878
22.4834	7878	7914
22.4976	7914	7950
22.4986	7950	7986
22.4994	7986	8021
22.5136	8021	8056
22.5146	8056	8091
22.5154	8091	8126
22.5296	8126	8161
22.5306	8161	8196
22.5314	8196	8231
22.5456	8231	8265
22.5466	8265	8299
22.5474	8299	8333
22.5616	8333	8367
22.5626	8367	8401
22.5634	8401	8435
22.5776	8435	8469
22.5786	8469	8502
22.5794	8502	8535
22.5936	8535	8568
22.5946	8568	8601
22.5954	8601	8634
22.6096	8634	8667
22.6106	8667	8700
22.6114	8700	8733
22.6256	8733	8765
22.6266	8765	8797
22.6274	8797	8829
22.6416	8829	8861
22.6426	8861	8893
22.6434	8893	8925
22.6576	8925	8957
22.6586	8957	8989
22.6594	8989	9020
22.6736	9020	9051
22.6746	9051	9082
22.6754	9082	9113
22.6896	9113	9144
22.6906	9144	9175
22.6914	9175	9206
22.7056	9206	9237
22.7066	9237	9268
22.7074	9268	9298
22.7216	9298	9328
22.7226	9328	9358
22.7234	9358	9388
22.7376	9388	9418
22.7386	9418	9448
22.7394	9448	9478
22.7536	9478	9508
22.7546	9508	9538
22.7554	9538	9568
22.7679	9568	9598
22.7689	9598	9627
22.7825	9627	9656
22.7835	9656	1072
22.799	1072	1340
22.806	1340	1554
22.8128	1554	1738
22.8193	1738	1903
22.8258	1903	2053
22.8323	2053	2192
22.8388	2192	2323
22.8398	2323	2446
22.8455	2446	2563
22.847	2563	2675
22.852	2675	2782
22.8538	2782	2885
22.863	2885	2984
22.8639	2984	3080
22.8693	3080	3173
22.879	3173	3263
22.8799	3263	3351
22.8807	3351	3436
22.895	3436	3519
22.8959	3519	3600
22.8967	3600	3679
22.911	3679	3757
22.9119	3757	3833
22.9127	3833	3907
22.927	3907	3980
22.9279	3980	4052
22.9287	4052	4122
22.943	4122	4191
22.9439	4191	4259
22.9447	4259	4326
22.959	4326	4392
22.9599	4392	4457
22.9607	4457	4521
22.975	4521	4584
22.9759	4584	4646
22.9767	4646	4707
22.991	4707	4768
22.9919	4768	4828
22.9927	4828	4887
23.0076	4887	4945
23.0086	4945	5003
23.0093	5003	5060
23.023	5060	5116
23.0239	5116	5172
23.0247	5172	5227
23.039	5227	5281
23.0399	5281	5335
23.0407	5335	5388
23.055	5388	5441
23.0559	5441	5493
23.0567	5493	5545
23.071	5545	5596
23.0719	5596	5647
23.0727	5647	5697
23.0876	5697	5747
23.0886	5747	5796
23.0893	5796	5845
23.103	5845	5894
23.1039	5894	5942
23.1047	5942	5990
23.1201	5990	6037
23.121	6037	6084
23.1218	6084	6131
23.135	6131	6177
23.1359	6177	6223
23.1367	6223	6269
23.1526	6269	1072
23.167	1072	1340
23.174	1340	1554
23.1808	1554	1738
23.1873	1738	1903
23.1938	1903	2053
23.2003	2053	2192
23.2068	2192	2323
23.2078	2323	2446
23.2135	2446	2563
23.215	2563	2675
23.2201	2675	2782
23.2218	2782	2885
23.2336	2885	2984
23.2346	2984	3080
23.24	3080	3173
23.2496	3173	3263
23.2506	3263	3351
23.2514	3351	3436
23.2656	3436	3519
23.2666	3519	3600
23.2674	3600	3679
23.2816	3679	3757
23.2826	3757	3833
23.2834	3833	3907
23.2976	3907	3980
23.2986	3980	4052
23.2994	4052	4122
23.3136	4122	4191
23.3146	4191	4259
23.3154	4259	4326
23.3296	4326	4392
23.3306	4392	4457
23.3314	4457	4521
23.3456	4521	4584
23.3466	4584	4646
23.3474	4646	4707
23.3616	4707	4768
23.3626	4768	4828
23.3634	4828	4887
23.3776	4887	4945
23.3786	4945	5003
23.3794	5003	5060
23.3936	5060	5116
23.3946	5116	5172
23.3954	5172	5227
23.4096	5227	5281
23.4106	5281	5335
23.4114	5335	5388
23.4256	5388	5441
23.4266	5441	5493
23.4274	5493	5545
23.4416	5545	5596
23.4426	5596	5647
23.4434	5647	5697
23.4576	5697	5747
23.4586	5747	5796
23.4594	5796	5845
23.4736	5845	5894
23.4746	5894	5942
23.4754	5942	5990
23.4896	5990	6037
23.4906	6037	6084
23.4914	6084	6131
23.5056	6131	6177
23.5066	6177	6223
23.5074	6223	6269
23.5216	6269	6314
23.5226	6314	6359
23.5234	6359	6404
23.5376	6404	6448
23.5386	6448	6492
23.5394	6492	6536
23.5536	6536	6579
23.5546	6579	6622
23.5554	6622	6665
23.5696	6665	6708
23.5706	6708	6750
23.5714	6750	6792
23.5856	6792	6834
23.5866	6834	6876
23.5874	6876	6917
23.6016	6917	6958
23.6026	6958	6999
23.6034	6999	7040
23.6176	7040	7080
23.6186	7080	7120
23.6194	7120	7160
23.6336	7160	7200
23.6346	7200	7239
23.6354	7239	7278
23.6496	7278	7317
23.6506	7317	7356
23.6514	7356	7395
23.6656	7395	7433
23.6666	7433	7471
23.6674	7471	7509
23.6816	7509	7547
23.6826	7547	7585
23.6834	7585	7622
23.6976	7622	7659
23.6986	7659	7696
23.6994	7696	7733
23.7136	7733	7770
23.7146	7770	7806
23.7154	7806	7842
23.7296	7842	7878
23.7306	7878	7914
23.7314	7914	7950
23.7456	7950	7986
23.7466	7986	8021
23.7474	8021	8056
23.7616	8056	8091
23.7626	8091	8126
23.7634	8126	8161
23.7776	8161	8196
23.7786	8196	8231
23.7794	8231	8265
23.7936	8265	8299
23.7946	8299	8333
23.7954	8333	8367
23.8096	8367	8401
23.8106	8401	8435
23.8114	8435	8469
23.8256	8469	8502
23.8266	8502	8535
23.8274	8535	8568
23.8416	8568	8601
23.8426	8601	8634
23.8434	8634	8667
23.8576	8667	8700
23.8586	8700	8733
23.8594	8733	8765
23.8736	8765	8797
23.8746	8797	8829
23.8754	8829	8861
23.8896	8861	8893
23.8906	8893	8925
23.8914	8925	8957
23.9056	8957	8989
23.9066	8989	9020
23.9074	9020	9051
23.9216	9051	9082
23.9226	9082	9113
23.9234	9113	9144
23.9376	9144	9175
23.9386	9175	9206
23.9394	9206	9237
23.9536	9237	9268
23.9546	9268	9298
23.9554	9298	9328
23.9696	9328	9358
23.9706	9358	9388
23.9714	9388	9418
23.9856	9418	9448
23.9866	9448	9478
23.9874	9478	9508
24.0016	9508	9538
24.0026	9538	9568
24.0034	9568	9598
24.0176	9598	9627
24.0186	9627	9656
24.0194	9656	9685
24.0336	9685	9714
24.0346	9714	9743
24.0354	9743	9772
24.0496	9772	9801
24.0514	9801	1072
24.0656	1072	1340
24.0726	1340	1554
24.0816	1554	1738
24.0886	1738	1903
24.0972	1903	2053
24.1037	2053	2192
24.1102	2192	2323
24.1111	2323	2446
24.1172	2446	2563
24.1181	2563	2675
24.1242	2675	2782
24.1292	2782	2885
24.1307	2885	2984
24.1357	2984	3080
24.1452	3080	3173
24.1461	3173	3263
24.1471	3263	3351
24.1612	3351	3436
24.1621	3436	3519
24.1631	3519	3600
24.1772	3600	3679
24.1781	3679	3757
24.1791	3757	3833
24.1932	3833	3907
24.1941	3907	3980
24.1951	3980	4052
24.2092	4052	4122
24.2101	4122	4191
24.2111	4191	4259
24.2252	4259	4326
24.2261	4326	4392
24.2271	4392	4457
24.2412	4457	4521
24.2421	4521	4584
24.2431	4584	4646
24.2572	4646	4707
24.2581	4707	4768
24.2591	4768	4828
24.2732	4828	4887
24.2741	4887	4945
24.2751	4945	5003
24.2892	5003	5060
24.2901	5060	5116
24.2911	5116	5172
24.3052	5172	5227
24.3061	5227	5281
24.3071	5281	5335
24.3212	5335	5388
24.3221	5388	5441
24.3231	5441	5493
24.3372	5493	5545
24.3381	5545	5596
24.3391	5596	5647
24.3532	5647	5697
24.3541	5697	5747
24.3551	5747	5796
24.3692	5796	5845
24.3701	5845	5894
24.3711	5894	5942
24.3852	5942	5990
24.3861	5990	6037
24.3871	6037	6084
24.4012	6084	6131
24.4021	6131	6177
24.4031	6177	6223
24.4172	6223	6269
24.4181	6269	6314
24.4191	6314	6359
24.4332	6359	6404
24.4341	6404	6448
24.4351	6448	6492
24.4492	6492	6536
24.4501	6536	6579
24.4511	6579	6622
24.4652	6622	6665
24.4661	6665	6708
24.4671	6708	6750
24.4812	6750	6792
24.4821	6792	6834
24.4831	6834	6876
24.4972	6876	6917
24.4981	6917	6958
24.4991	6958	6999
24.5132	6999	7040
24.5141	7040	7080
24.5151	7080	7120
24.5292	7120	7160
24.5301	7160	7200
24.5311	7200	7239
24.5452	7239	7278
24.5461	7278	7317
24.5471	7317	7356
24.5612	7356	7395
24.5621	7395	7433
24.5631	7433	7471
24.5772	7471	7509
24.5781	7509	7547
24.5791	7547	7585
24.5932	7585	7622
24.5941	7622	7659
24.5951	7659	7696
24.6092	7696	7733
24.6101	7733	7770
24.6111	7770	7806
24.6252	7806	7842
24.6261	7842	7878
24.6274	7878	7914
24.6417	7914	1072
24.6576	1072	1340
24.6646	1340	1554
24.6736	1554	1738
24.6806	1738	1903
24.6892	1903	2053
24.6957	2053	2192
24.7022	2192	2323
24.7031	2323	2446
24.7092	2446	2563
24.7101	2563	2675
24.7162	2675	2782
24.7212	2782	2885
24.7227	2885	2984
24.7277	2984	3080
24.7372	3080	3173
24.7381	3173	3263
24.7391	3263	3351
24.7532	3351	3436
24.7541	3436	3519
24.7551	3519	3600
24.7692	3600	3679
24.7701	3679	3757
24.7711	3757	3833
24.7852	3833	3907
24.7861	3907	3980
24.7871	3980	4052
24.8012	4052	4122
24.8021	4122	4191
24.8031	4191	4259
24.8172	4259	4326
24.8181	4326	4392
24.8191	4392	4457
24.8332	4457	4521
24.8341	4521	4584
24.8351	4584	4646
24.8492	4646	4707
24.8501	4707	4768
24.8511	4768	4828
24.8652	4828	4887
24.8661	4887	4945
24.8671	4945	5003
24.8812	5003	5060
24.8821	5060	5116
24.8831	5116	5172
24.8972	5172	5227
24.8981	5227	5281
24.8991	5281	5335
24.9132	5335	5388
24.9151	5388	1072
24.9296	1072	1340
24.9366	1340	1554
24.9456	1554	1738
24.9526	1738	1903
24.9612	1903	2053
24.9677	2053	2192
24.9742	2192	2323
24.9807	2323	2446
24.9872	2446	1072
25.0003	1072	1340
25.0096	1340	1554
25.0166	1554	1738
