5.00609	0	536
5.01265	536	821
5.21917	821	1007
5.42568	1007	1159
5.43267	1159	1291
5.44165	1291	1409
5.44863	1409	1517
5.45765	1517	1618
5.46463	1618	1712
5.47317	1712	1801
5.47969	1801	1886
5.4862	1886	1967
5.49272	1967	2044
5.49924	2044	2118
5.50575	2118	2190
5.51227	2190	2259
5.51321	2259	2326
5.52165	2326	2391
5.52864	2391	1072
5.54417	1072	1340
5.55365	1340	1608
5.56063	1608	1876
5.56917	1876	2144
5.57569	2144	2412
5.57663	2412	2680
5.58268	2680	2948
5.58628	2948	3216
5.58919	3216	3484
5.5928	3484	3752
5.59374	3752	4020
5.59618	4020	4288
5.60165	4288	4556
5.60259	4556	4824
5.60353	4824	5092
5.60448	5092	5360
5.60863	5360	5628
5.60958	5628	5896
5.61052	5896	6164
5.61147	6164	6432
5.61241	6432	6700
5.61765	6700	6968
5.61859	6968	7236
5.61953	7236	7504
5.62048	7504	7772
5.62142	7772	8040
5.62237	8040	8308
5.62463	8308	8576
5.62558	8576	8844
5.62652	8844	9112
5.62747	9112	9380
5.62841	9380	9648
5.62935	9648	9916
5.6303	9916	10184
5.6339	10184	10452
5.63484	10452	10720
5.63579	10720	10988
5.63673	10988	11256
5.63768	11256	11524
5.63862	11524	11792
5.63956	11792	12060
5.64051	12060	12328
5.64145	12328	12596
5.6424	12596	12864
5.64334	12864	13132
5.64428	13132	13400
5.64523	13400	13668
5.64617	13668	13936
5.64712	13936	14204
5.64806	14204	14472
5.649	14472	14740
5.64995	14740	15008
5.65355	15008	15276
5.6545	15276	15544
5.65544	15544	15812
5.65638	15812	16080
5.65733	16080	16348
5.65827	16348	16616
5.65922	16616	16884
5.66016	16884	17152
5.6611	17152	17420
5.66205	17420	17688
5.66299	17688	17956
5.66394	17956	18224
5.66488	18224	18492
5.66582	18492	18760
5.66677	18760	19028
5.66771	19028	19296
5.66866	19296	19564
5.67226	19564	19832
5.6732	19832	20100
5.67415	20100	20368
5.67509	20368	20636
5.67604	20636	20904
5.67698	20904	21172
5.67792	21172	21440
5.67887	21440	21708
5.67981	21708	21976
5.68076	21976	22244
5.6817	22244	22512
5.68264	22512	22780
5.68359	22780	23048
5.68453	23048	23316
5.68548	23316	23584
5.68642	23584	23852
5.68736	23852	24120
5.68831	24120	24388
5.69191	24388	24656
5.69285	24656	24924
5.6938	24924	25192
5.69474	25192	25460
5.69569	25460	25728
5.69663	25728	25996
5.69757	25996	26264
5.69852	26264	26532
5.69946	26532	26800
5.70041	26800	27068
5.70135	27068	27336
5.70229	27336	27604
5.70324	27604	27872
5.70418	27872	28140
5.70499	28140	28408
5.70593	28408	28676
5.70687	28676	28944
5.70764	28944	29212
5.71125	29212	29480
5.71219	29480	29748
5.71296	29748	30016
5.72699	30016	30284
5.72793	30284	30552
5.7287	30552	30820
5.74299	30820	31088
5.74393	31088	31356
5.7447	31356	31624
5.75899	31624	31892
5.75993	31892	32160
5.7607	32160	32428
5.77499	32428	32696
5.77593	32696	32964
5.7767	32964	33232
5.79099	33232	33500
5.79193	33500	33768
5.7927	33768	34036
5.80699	34036	34304
5.80793	34304	34572
5.8087	34572	34840
5.82299	34840	35108
5.82393	35108	35376
5.8247	35376	35644
5.83899	35644	35912
5.83993	35912	36180
5.8407	36180	36448
5.85499	36448	36716
5.85593	36716	36984
5.8567	36984	37252
5.87099	37252	37520
5.87193	37520	37788
5.8727	37788	38056
5.88699	38056	38324
5.88793	38324	38592
5.8887	38592	38860
5.90299	38860	39128
5.90393	39128	39396
5.9047	39396	39664
5.91899	39664	39932
5.91993	39932	40200
5.9207	40200	40468
5.93499	40468	40736
5.93593	40736	41004
5.9367	41004	41272
5.95099	41272	41540
5.95193	41540	41808
5.9527	41808	42076
5.96699	42076	42344
5.96793	42344	42612
5.9687	42612	42880
5.98299	42880	43148
5.98393	43148	43416
5.9847	43416	43684
5.99899	43684	43952
5.99993	43952	44220
6.0007	44220	44488
6.01499	44488	44756
6.01593	44756	45024
6.0167	45024	45292
6.03099	45292	45560
6.03193	45560	45828
6.0327	45828	46096
6.04699	46096	46364
6.04793	46364	46632
6.0487	46632	46900
6.06299	46900	47168
6.06393	47168	47436
6.0647	47436	47704
6.07899	47704	47972
6.07993	47972	48240
6.0807	48240	48508
6.09499	48508	48776
6.09593	48776	49044
6.0967	49044	49312
6.11099	49312	49580
6.11193	49580	49848
6.1127	49848	50116
6.12699	50116	50384
6.12793	50384	50652
6.1287	50652	50920
6.14299	50920	51188
6.14393	51188	51456
6.1447	51456	51724
6.15899	51724	51992
6.15993	51992	52260
6.1607	52260	52528
6.17499	52528	52796
6.17593	52796	53064
6.1767	53064	53332
6.19099	53332	53600
6.19193	53600	53868
6.1927	53868	54136
6.20699	54136	54404
6.20793	54404	54672
6.2087	54672	54940
6.22299	54940	55208
6.22393	55208	55476
6.2247	55476	55744
6.23899	55744	56012
6.23993	56012	56280
6.2407	56280	56548
6.25499	56548	56816
6.25593	56816	57084
6.2567	57084	57352
6.27099	57352	57620
6.27193	57620	57888
6.2727	57888	58156
6.28699	58156	58424
6.28793	58424	58692
6.2887	58692	58960
6.30299	58960	59228
6.30441	59228	59496
6.31852	59496	1232
6.33499	1232	1500
6.34197	1500	1768
6.34879	1768	2036
6.3553	2036	2304
6.36182	2304	2572
6.36259	2572	2840
6.36965	2840	3108
6.37059	3108	3376
6.37599	3376	3644
6.38299	3644	3912
6.38393	3912	4180
6.3847	4180	4448
6.39899	4448	4716
6.39993	4716	4984
6.4007	4984	5252
6.41499	5252	5520
6.41593	5520	5788
6.4167	5788	6056
6.43099	6056	6324
6.43271	6324	1072
6.44699	1072	1340
6.45397	1340	1608
6.46079	1608	1876
6.4673	1876	2144
6.47382	2144	2412
6.48165	2412	1072
6.49735	1072	1340
6.50434	1340	1608
6.51365	1608	1876
6.52016	1876	2144
6.52965	2144	2412
6.53617	2412	1072
6.55169	1072	1340
6.55868	1340	1608
6.56566	1608	1876
6.57218	1876	2144
6.57869	2144	2412
6.57964	2412	2680
6.58568	2680	2948
6.58663	2948	3216
6.59317	3216	3484
6.59412	3484	3752
6.59506	3752	4020
6.60016	4020	4288
6.60101	4288	4556
6.60699	4556	4824
6.61059	4824	5092
6.61136	5092	5360
6.62299	5360	5628
6.62393	5628	5896
6.6247	5896	6164
6.63899	6164	6432
6.63993	6432	6700
6.6407	6700	6968
6.65499	6968	7236
6.65593	7236	7504
6.6567	7504	7772
6.67099	7772	8040
6.67193	8040	8308
6.6727	8308	8576
6.68699	8576	8844
6.68793	8844	9112
6.6887	9112	9380
6.70299	9380	9648
6.70393	9648	9916
6.7047	9916	10184
6.71899	10184	10452
6.71993	10452	10720
6.7207	10720	10988
6.73499	10988	11256
6.73593	11256	11524
6.7367	11524	11792
6.75099	11792	12060
6.75193	12060	12328
6.7527	12328	12596
6.76699	12596	12864
6.76793	12864	13132
6.7687	13132	13400
6.78299	13400	13668
6.78393	13668	13936
6.7847	13936	14204
6.79899	14204	14472
6.79993	14472	14740
6.8007	14740	15008
6.81499	15008	15276
6.81593	15276	15544
6.8167	15544	15812
6.83099	15812	16080
6.83193	16080	16348
6.8327	16348	16616
6.84699	16616	16884
6.84793	16884	17152
6.8487	17152	17420
6.86299	17420	17688
6.86393	17688	17956
6.8647	17956	18224
6.87899	18224	18492
6.87993	18492	18760
6.8807	18760	19028
6.89499	19028	19296
6.89593	19296	19564
6.8967	19564	19832
6.91099	19832	20100
6.91193	20100	20368
6.9127	20368	20636
6.92699	20636	20904
6.92793	20904	21172
6.9287	21172	21440
6.94394	21440	1072
6.95899	1072	1340
6.96597	1340	1608
6.97279	1608	1876
6.98583	1876	1072
6.99969	1072	1340
7.00668	1340	1608
7.01366	1608	1876
7.02018	1876	2144
7.02669	2144	2412
7.02764	2412	2680
7.03368	2680	2948
7.03463	2948	3216
7.0402	3216	3484
7.04114	3484	3752
7.04208	3752	4020
7.05452	4020	4288
7.05546	4288	4556
7.0564	4556	4824
7.07052	4824	5092
7.07146	5092	5360
7.0724	5360	5628
7.08652	5628	5896
7.08746	5896	6164
7.0884	6164	6432
7.10252	6432	6700
7.10346	6700	6968
7.1044	6968	7236
7.11852	7236	7504
7.11946	7504	7772
7.1204	7772	8040
7.13452	8040	8308
7.13546	8308	8576
7.1364	8576	8844
7.15052	8844	9112
7.15146	9112	9380
7.1524	9380	9648
7.16652	9648	9916
7.16746	9916	10184
7.1684	10184	10452
7.18252	10452	10720
7.18346	10720	10988
7.1844	10988	11256
7.19852	11256	11524
7.19946	11524	11792
7.2004	11792	12060
7.21452	12060	12328
7.21546	12328	12596
7.2164	12596	12864
7.23052	12864	13132
7.23146	13132	13400
7.2324	13400	13668
7.24652	13668	13936
7.24746	13936	14204
7.24871	14204	14472
7.26347	14472	1072
7.27899	1072	1340
7.28597	1340	1608
7.29279	1608	1876
7.2993	1876	2144
7.3066	2144	1072
7.32064	1072	1340
7.32965	1340	1608
7.33663	1608	1876
7.34517	1876	2144
7.35169	2144	2412
7.35263	2412	2680
7.35868	2680	2948
7.36228	2948	3216
7.36519	3216	3484
7.3688	3484	3752
7.37452	3752	4020
7.37546	4020	4288
7.37906	4288	4556
7.39052	4556	4824
7.39146	4824	5092
7.3924	5092	5360
7.40652	5360	5628
7.40746	5628	5896
7.4084	5896	6164
7.42252	6164	6432
7.42346	6432	6700
7.4244	6700	6968
7.43852	6968	7236
7.43946	7236	7504
7.4404	7504	7772
7.45452	7772	8040
7.45546	8040	8308
7.4564	8308	8576
7.47052	8576	8844
7.47146	8844	9112
7.4724	9112	9380
7.48652	9380	9648
7.48746	9648	9916
7.4884	9916	10184
7.50252	10184	10452
7.50346	10452	10720
7.5044	10720	10988
7.51852	10988	11256
7.51946	11256	11524
7.5204	11524	11792
7.53452	11792	12060
7.53546	12060	12328
7.5364	12328	12596
7.55052	12596	12864
7.55146	12864	13132
7.5524	13132	13400
7.56652	13400	13668
7.56746	13668	13936
7.5684	13936	14204
7.58252	14204	14472
7.58346	14472	14740
7.5844	14740	15008
7.59852	15008	15276
7.59946	15276	15544
7.6004	15544	15812
7.61452	15812	16080
7.61546	16080	16348
7.6164	16348	16616
7.63052	16616	16884
7.63146	16884	17152
7.6324	17152	17420
7.64652	17420	17688
7.64746	17688	17956
7.6484	17956	18224
7.66252	18224	18492
7.66346	18492	18760
7.6644	18760	19028
7.67852	19028	19296
7.67946	19296	19564
7.6804	19564	19832
7.69452	19832	20100
7.69546	20100	20368
7.6964	20368	20636
7.71052	20636	20904
7.71146	20904	21172
7.7124	21172	21440
7.72652	21440	21708
7.72746	21708	21976
7.7284	21976	22244
7.74252	22244	22512
7.74346	22512	22780
7.7444	22780	23048
7.75852	23048	23316
7.75946	23316	23584
7.7604	23584	23852
7.77452	23852	24120
7.77594	24120	24388
7.77671	24388	1072
7.79099	1072	1340
7.79797	1340	1608
7.80479	1608	1876
7.8113	1876	2144
7.81782	2144	2412
7.81859	2412	2680
7.82565	2680	2948
7.82659	2948	3216
7.83199	3216	3484
7.83899	3484	3752
7.83993	3752	4020
7.8407	4020	4288
7.85499	4288	4556
7.85593	4556	4824
7.8567	4824	5092
7.87099	5092	5360
7.87193	5360	5628
7.8727	5628	5896
7.88699	5896	6164
7.88793	6164	6432
7.8887	6432	6700
7.90299	6700	6968
7.90393	6968	7236
7.9047	7236	7504
7.91899	7504	7772
7.91993	7772	8040
7.9207	8040	8308
7.93499	8308	8576
7.93593	8576	8844
7.9367	8844	9112
7.95099	9112	9380
7.95193	9380	9648
7.9527	9648	9916
7.96699	9916	10184
7.96793	10184	10452
7.9687	10452	10720
7.98299	10720	10988
7.98393	10988	11256
7.9847	11256	11524
7.99899	11524	11792
7.99993	11792	12060
8.0007	12060	12328
8.01499	12328	12596
8.01593	12596	12864
8.0167	12864	13132
8.03099	13132	13400
8.03193	13400	13668
8.0327	13668	13936
8.04699	13936	14204
8.04793	14204	14472
8.0487	14472	14740
8.06347	14740	15008
8.06441	15008	1072
8.07899	1072	1340
8.08597	1340	1608
8.09279	1608	1876
8.0993	1876	2144
8.10582	2144	2412
8.10659	2412	2680
8.11365	2680	2948
8.11459	2948	3216
8.11999	3216	3484
8.12699	3484	3752
8.12793	3752	4020
8.1287	4020	4288
8.14299	4288	4556
8.14393	4556	4824
8.1447	4824	5092
8.15899	5092	5360
8.15993	5360	5628
8.1607	5628	5896
8.17499	5896	6164
8.17593	6164	6432
8.1767	6432	6700
8.19099	6700	6968
8.19193	6968	7236
8.1927	7236	7504
8.20699	7504	7772
8.20793	7772	8040
8.2087	8040	8308
8.22299	8308	8576
8.22393	8576	8844
8.2247	8844	9112
8.23899	9112	9380
8.23993	9380	9648
8.2407	9648	9916
8.25499	9916	10184
8.25593	10184	10452
8.2567	10452	10720
8.27099	10720	10988
8.27193	10988	11256
8.2727	11256	11524
8.28699	11524	11792
8.28793	11792	12060
8.2887	12060	12328
8.30299	12328	12596
8.30393	12596	12864
8.3047	12864	13132
8.31899	13132	13400
8.31993	13400	13668
8.3207	13668	13936
8.33499	13936	14204
8.33593	14204	14472
8.3367	14472	14740
8.35099	14740	15008
8.35193	15008	15276
8.3527	15276	15544
8.36699	15544	15812
8.36793	15812	16080
8.3687	16080	16348
8.38299	16348	16616
8.38393	16616	16884
8.3847	16884	17152
8.39899	17152	17420
8.39993	17420	17688
8.4007	17688	17956
8.41499	17956	18224
8.41593	18224	18492
8.4167	18492	18760
8.43099	18760	19028
8.43271	19028	1072
8.44699	1072	1340
8.45397	1340	1608
8.46079	1608	1876
8.46778	1876	2144
8.47478	2144	1072
8.48817	1072	1340
8.49593	1340	1608
8.50292	1608	1876
8.50943	1876	2144
8.51625	2144	2412
8.51719	2412	2680
8.52353	2680	2948
8.52439	2948	3216
8.53069	3216	3484
8.53164	3484	3752
8.53241	3752	4020
8.54299	4020	4288
8.54393	4288	4556
8.5447	4556	4824
8.55899	4824	5092
8.55993	5092	5360
8.5607	5360	5628
8.57499	5628	5896
8.57593	5896	6164
8.5767	6164	6432
8.59099	6432	6700
8.59193	6700	6968
8.5927	6968	7236
8.60699	7236	7504
8.60793	7504	7772
8.6087	7772	8040
8.62299	8040	8308
8.62393	8308	8576
8.6247	8576	8844
8.63899	8844	9112
8.63993	9112	9380
8.6407	9380	9648
8.65499	9648	9916
8.65593	9916	10184
8.6567	10184	10452
8.67099	10452	10720
8.67193	10720	10988
8.6727	10988	11256
8.68699	11256	11524
8.68793	11524	11792
8.6887	11792	12060
8.70299	12060	12328
8.70393	12328	12596
8.7047	12596	12864
8.71899	12864	13132
8.71993	13132	13400
8.7207	13400	13668
8.73499	13668	13936
8.73593	13936	14204
8.7367	14204	14472
8.75099	14472	14740
8.75193	14740	15008
8.7527	15008	15276
8.76699	15276	15544
8.76793	15544	15812
8.7687	15812	16080
8.78299	16080	16348
8.78393	16348	16616
8.7847	16616	16884
8.79899	16884	17152
8.79993	17152	17420
8.8007	17420	17688
8.81499	17688	17956
8.81593	17956	18224
8.8167	18224	18492
8.83147	18492	18760
8.83241	18760	1072
8.84699	1072	1340
8.85397	1340	1608
8.86079	1608	1876
8.8673	1876	2144
8.87382	2144	2412
8.87459	2412	2680
8.88165	2680	2948
8.88259	2948	3216
8.88799	3216	3484
8.89499	3484	3752
8.89593	3752	4020
8.8967	4020	4288
8.91099	4288	4556
8.91193	4556	4824
8.9127	4824	5092
8.92699	5092	5360
8.92793	5360	5628
8.9287	5628	5896
8.94299	5896	6164
8.94393	6164	6432
8.9447	6432	6700
8.95899	6700	6968
8.95993	6968	7236
8.9607	7236	7504
8.97499	7504	7772
8.97593	7772	8040
8.9767	8040	8308
8.99099	8308	8576
8.99193	8576	8844
8.9927	8844	9112
9.00699	9112	9380
9.00793	9380	9648
9.0087	9648	9916
9.02299	9916	10184
9.02393	10184	10452
9.0247	10452	10720
9.03899	10720	10988
9.03993	10988	11256
9.0407	11256	11524
9.05499	11524	11792
9.05593	11792	12060
9.0567	12060	12328
9.07099	12328	12596
9.07193	12596	12864
9.0727	12864	13132
9.08699	13132	13400
9.08793	13400	13668
9.0887	13668	13936
9.10299	13936	14204
9.10393	14204	14472
9.1047	14472	14740
9.11899	14740	15008
9.11993	15008	15276
9.1207	15276	15544
9.13499	15544	15812
9.13593	15812	16080
9.1367	16080	16348
9.15099	16348	16616
9.15193	16616	16884
9.1527	16884	17152
9.16699	17152	17420
9.16793	17420	17688
9.1687	17688	17956
9.18299	17956	18224
9.18393	18224	18492
9.1847	18492	18760
9.19899	18760	19028
9.19993	19028	19296
9.2007	19296	19564
9.21499	19564	19832
9.21593	19832	20100
9.2167	20100	20368
9.23099	20368	20636
9.23193	20636	20904
9.2327	20904	21172
9.24699	21172	21440
9.24793	21440	21708
9.2487	21708	21976
9.26299	21976	22244
9.26393	22244	22512
9.2647	22512	22780
9.27899	22780	23048
9.27993	23048	23316
9.2807	23316	23584
9.29499	23584	23852
9.29593	23852	24120
9.2967	24120	24388
9.31099	24388	24656
9.31193	24656	24924
9.3127	24924	25192
9.32699	25192	25460
9.32793	25460	25728
9.3287	25728	25996
9.34299	25996	26264
9.34393	26264	26532
9.3447	26532	26800
9.35899	26800	27068
9.35993	27068	27336
9.3607	27336	27604
9.37499	27604	27872
9.37593	27872	28140
9.3767	28140	28408
9.39099	28408	28676
9.39193	28676	28944
9.3927	28944	29212
9.40699	29212	29480
9.40793	29480	29748
9.4087	29748	30016
9.42299	30016	30284
9.42393	30284	30552
9.4247	30552	30820
9.43899	30820	31088
9.43993	31088	31356
9.4407	31356	31624
9.45499	31624	31892
9.45593	31892	32160
9.4567	32160	32428
9.47099	32428	32696
9.47193	32696	32964
9.4727	32964	33232
9.48699	33232	33500
9.48793	33500	33768
9.4887	33768	34036
9.50299	34036	34304
9.50393	34304	34572
9.5047	34572	34840
9.51899	34840	35108
9.51993	35108	35376
9.5207	35376	35644
9.53499	35644	35912
9.53593	35912	36180
9.5367	36180	36448
9.55099	36448	36716
9.55193	36716	36984
9.5527	36984	37252
9.56699	37252	37520
9.56793	37520	37788
9.5687	37788	38056
9.58299	38056	38324
9.58393	38324	38592
9.5847	38592	38860
9.59899	38860	39128
9.59993	39128	39396
9.6007	39396	39664
9.61499	39664	39932
9.61593	39932	40200
9.6167	40200	40468
9.63099	40468	40736
9.63193	40736	41004
9.6327	41004	41272
9.64699	41272	41540
9.64793	41540	41808
9.6487	41808	42076
9.66299	42076	42344
9.66393	42344	42612
9.6647	42612	42880
9.67899	42880	43148
9.67993	43148	43416
9.6807	43416	43684
9.69499	43684	43952
9.69593	43952	44220
9.6967	44220	44488
9.71099	44488	44756
9.71193	44756	45024
9.7127	45024	45292
9.72699	45292	45560
9.72793	45560	45828
9.7287	45828	46096
9.74299	46096	46364
9.74393	46364	46632
9.7447	46632	46900
9.75899	46900	47168
9.75993	47168	47436
9.7607	47436	47704
9.77499	47704	47972
9.77593	47972	48240
9.7767	48240	48508
9.79099	48508	48776
9.79193	48776	49044
9.7927	49044	49312
9.80699	49312	49580
9.80793	49580	49848
9.8087	49848	50116
9.82299	50116	50384
9.82393	50384	50652
9.8247	50652	50920
9.83899	50920	51188
9.83993	51188	51456
9.8407	51456	51724
9.85499	51724	51992
9.85593	51992	52260
9.8567	52260	52528
9.87099	52528	52796
9.87193	52796	53064
9.8727	53064	53332
9.88699	53332	53600
9.88793	53600	53868
9.8887	53868	54136
9.90299	54136	54404
9.90393	54404	54672
9.9047	54672	54940
9.91899	54940	55208
9.91993	55208	55476
9.9207	55476	55744
9.93499	55744	56012
9.93593	56012	56280
9.9367	56280	56548
9.95099	56548	56816
9.95193	56816	57084
9.9527	57084	57352
9.96699	57352	57620
9.96793	57620	57888
9.9687	57888	58156
9.98299	58156	58424
9.98393	58424	58692
9.9847	58692	58960
9.99899	58960	59228
9.99993	59228	59496
10.0007	59496	59764
10.015	59764	60032
10.0159	60032	60300
10.0167	60300	60568
10.031	60568	60836
10.0319	60836	61104
10.0327	61104	61372
10.047	61372	61640
10.0479	61640	61908
10.0487	61908	62176
10.063	62176	62444
10.0639	62444	62712
10.0647	62712	62980
10.079	62980	63248
10.0799	63248	63516
10.0807	63516	63784
10.095	63784	64052
10.0959	64052	64320
10.0967	64320	64588
10.111	64588	64856
10.1119	64856	65124
10.1127	65124	65392
10.127	65392	65660
10.1279	65660	65928
10.1287	65928	66196
10.143	66196	66464
10.1439	66464	66732
10.1447	66732	67000
10.159	67000	67268
10.1599	67268	67536
10.1607	67536	67804
10.175	67804	68072
10.1759	68072	68340
10.1767	68340	68608
10.191	68608	68876
10.1919	68876	69144
10.2065	69144	69412
10.2075	69412	1072
10.223	1072	1340
10.23	1340	1608
10.2368	1608	1876
10.2433	1876	2144
10.2498	2144	2412
10.2506	2412	2680
10.2576	2680	2948
10.2586	2948	3216
10.264	3216	3484
10.271	3484	3752
10.2719	3752	4020
10.2727	4020	4288
10.287	4288	4556
10.2879	4556	4824
10.2887	4824	5092
10.303	5092	5360
10.3039	5360	5628
10.3047	5628	5896
10.319	5896	6164
10.3199	6164	6432
10.3207	6432	6700
10.335	6700	6968
10.3359	6968	7236
10.3367	7236	7504
10.351	7504	7772
10.3519	7772	8040
10.3527	8040	8308
10.367	8308	8576
10.3679	8576	8844
10.3687	8844	9112
10.383	9112	9380
10.3839	9380	9648
10.3847	9648	9916
10.399	9916	10184
10.3999	10184	10452
10.4007	10452	10720
10.415	10720	10988
10.4159	10988	11256
10.4167	11256	11524
10.431	11524	11792
10.4319	11792	12060
10.4327	12060	12328
10.447	12328	12596
10.4479	12596	12864
10.4487	12864	13132
10.463	13132	13400
10.4639	13400	13668
10.4647	13668	13936
10.479	13936	14204
10.4799	14204	14472
10.4807	14472	14740
10.495	14740	15008
10.4959	15008	15276
10.4967	15276	15544
10.511	15544	15812
10.5119	15812	16080
10.5127	16080	16348
10.527	16348	16616
10.5279	16616	16884
10.5287	16884	17152
10.543	17152	17420
10.5439	17420	17688
10.5447	17688	17956
10.559	17956	18224
10.5599	18224	18492
10.5607	18492	18760
10.575	18760	19028
10.5759	19028	19296
10.5767	19296	19564
10.591	19564	19832
10.5919	19832	20100
10.5927	20100	20368
10.607	20368	20636
10.6079	20636	20904
10.6087	20904	21172
10.623	21172	21440
10.6239	21440	21708
10.6247	21708	21976
10.639	21976	22244
10.6399	22244	22512
10.6407	22512	22780
10.655	22780	23048
10.6559	23048	23316
10.6567	23316	23584
10.671	23584	23852
10.6719	23852	24120
10.6727	24120	24388
10.687	24388	24656
10.6879	24656	24924
10.6887	24924	25192
10.703	25192	25460
10.7039	25460	25728
10.7047	25728	25996
10.719	25996	26264
10.7199	26264	26532
10.7207	26532	26800
10.735	26800	27068
10.7359	27068	27336
10.7367	27336	27604
10.751	27604	27872
10.7519	27872	28140
10.7527	28140	28408
10.767	28408	28676
10.7679	28676	28944
10.7687	28944	29212
10.783	29212	29480
10.7839	29480	29748
10.7847	29748	30016
10.799	30016	30284
10.7999	30284	30552
10.8007	30552	30820
10.815	30820	31088
10.8159	31088	31356
10.8167	31356	31624
10.831	31624	31892
10.8319	31892	32160
10.8327	32160	32428
10.847	32428	32696
10.8479	32696	32964
10.8487	32964	33232
10.863	33232	33500
10.8639	33500	33768
10.8647	33768	34036
10.879	34036	34304
10.8799	34304	34572
10.8807	34572	34840
10.895	34840	35108
10.8959	35108	35376
10.8967	35376	35644
10.911	35644	35912
10.9119	35912	36180
10.9127	36180	36448
10.927	36448	36716
10.9279	36716	36984
10.9287	36984	37252
10.943	37252	37520
10.9439	37520	37788
10.9447	37788	38056
10.959	38056	38324
10.9599	38324	38592
10.9607	38592	38860
10.975	38860	39128
10.9759	39128	39396
10.9767	39396	39664
10.991	39664	39932
10.9919	39932	40200
10.9927	40200	40468
11.007	40468	40736
11.0079	40736	41004
11.0087	41004	41272
11.023	41272	41540
11.0239	41540	41808
11.0247	41808	42076
11.039	42076	42344
11.0399	42344	42612
11.0407	42612	42880
11.055	42880	43148
11.0559	43148	43416
11.0567	43416	43684
11.071	43684	43952
11.0719	43952	44220
11.0727	44220	44488
11.087	44488	44756
11.0879	44756	45024
11.0887	45024	45292
11.103	45292	45560
11.1039	45560	45828
11.1047	45828	46096
11.119	46096	46364
11.1199	46364	46632
11.1207	46632	46900
11.135	46900	47168
11.1359	47168	47436
11.1367	47436	47704
11.151	47704	47972
11.1519	47972	48240
11.1527	48240	48508
11.167	48508	48776
11.1679	48776	49044
11.1687	49044	49312
11.183	49312	49580
11.1839	49580	49848
11.1847	49848	50116
11.199	50116	50384
11.1999	50384	50652
11.2007	50652	50920
11.215	50920	51188
11.2159	51188	51456
11.2167	51456	51724
11.231	51724	51992
11.2319	51992	52260
11.2327	52260	52528
11.247	52528	52796
11.2479	52796	53064
11.2487	53064	53332
11.263	53332	53600
11.2639	53600	53868
11.2647	53868	54136
11.279	54136	54404
11.2799	54404	54672
11.2807	54672	54940
11.295	54940	55208
11.2959	55208	55476
11.2967	55476	55744
11.311	55744	56012
11.3119	56012	56280
11.3127	56280	56548
11.327	56548	56816
11.3287	56816	1072
11.343	1072	1340
11.35	1340	1608
11.3568	1608	1876
11.3633	1876	2144
11.3698	2144	2412
11.3706	2412	2680
11.3776	2680	2948
11.3786	2948	3216
11.384	3216	3484
11.391	3484	3752
11.3919	3752	4020
11.3927	4020	4288
11.407	4288	4556
11.4079	4556	4824
11.4087	4824	5092
11.423	5092	5360
11.4239	5360	5628
11.4247	5628	5896
11.439	5896	6164
11.4399	6164	6432
11.4407	6432	6700
11.455	6700	6968
11.4559	6968	7236
11.4567	7236	7504
11.471	7504	7772
11.4719	7772	8040
11.4727	8040	8308
11.487	8308	8576
11.4879	8576	8844
11.4887	8844	9112
11.503	9112	9380
11.5039	9380	9648
11.5047	9648	9916
11.519	9916	10184
11.5199	10184	10452
11.5207	10452	10720
11.535	10720	10988
11.5359	10988	11256
11.5367	11256	11524
11.551	11524	11792
11.5519	11792	12060
11.5527	12060	12328
11.567	12328	12596
11.5679	12596	12864
11.5687	12864	13132
11.583	13132	13400
11.5839	13400	13668
11.5847	13668	13936
11.599	13936	14204
11.5999	14204	14472
11.6007	14472	14740
11.615	14740	15008
11.6159	15008	15276
11.6167	15276	15544
11.631	15544	15812
11.6319	15812	16080
11.6327	16080	16348
11.647	16348	16616
11.6479	16616	16884
11.6487	16884	17152
11.663	17152	17420
11.6639	17420	17688
11.6647	17688	17956
11.679	17956	18224
11.6799	18224	18492
11.6807	18492	18760
11.695	18760	19028
11.6959	19028	19296
11.6967	19296	19564
11.711	19564	19832
11.7119	19832	20100
11.7127	20100	20368
11.727	20368	20636
11.7279	20636	20904
11.7287	20904	21172
11.743	21172	21440
11.7439	21440	21708
11.7447	21708	21976
11.759	21976	22244
11.7599	22244	22512
11.7607	22512	22780
11.775	22780	23048
11.7759	23048	23316
11.7767	23316	23584
11.791	23584	23852
11.7919	23852	24120
11.7927	24120	24388
11.807	24388	24656
11.8079	24656	24924
11.8087	24924	25192
11.823	25192	25460
11.8239	25460	25728
11.8247	25728	25996
11.839	25996	26264
11.8399	26264	26532
11.8407	26532	26800
11.855	26800	27068
11.8559	27068	27336
11.8567	27336	27604
11.871	27604	27872
11.8719	27872	28140
11.8727	28140	28408
11.887	28408	28676
11.8879	28676	28944
11.8887	28944	29212
11.903	29212	29480
11.9039	29480	29748
11.9047	29748	30016
11.919	30016	30284
11.9199	30284	30552
11.9207	30552	30820
11.935	30820	31088
11.9359	31088	31356
11.9367	31356	31624
11.951	31624	31892
11.9519	31892	32160
11.9527	32160	32428
11.967	32428	32696
11.9679	32696	32964
11.9687	32964	33232
11.983	33232	33500
11.9839	33500	33768
11.9985	33768	34036
11.9995	34036	1072
12.015	1072	1340
12.022	1340	1608
12.0288	1608	1876
12.0353	1876	2144
12.0418	2144	2412
12.0426	2412	2680
12.0496	2680	2948
12.0506	2948	3216
12.056	3216	3484
12.063	3484	3752
12.0639	3752	4020
12.0647	4020	4288
12.079	4288	4556
12.0799	4556	4824
12.0807	4824	5092
12.095	5092	5360
12.0959	5360	5628
12.0967	5628	5896
12.111	5896	6164
12.1119	6164	6432
12.1127	6432	6700
12.127	6700	6968
12.1279	6968	7236
12.1287	7236	7504
12.143	7504	7772
12.1439	7772	8040
12.1447	8040	8308
12.159	8308	8576
12.1599	8576	8844
12.1607	8844	9112
12.175	9112	9380
12.1759	9380	9648
12.1767	9648	9916
12.191	9916	10184
12.1919	10184	10452
12.1927	10452	10720
12.207	10720	10988
12.2079	10988	11256
12.2087	11256	11524
12.223	11524	11792
12.2239	11792	12060
12.2247	12060	12328
12.239	12328	12596
12.2399	12596	12864
12.2407	12864	13132
12.255	13132	13400
12.2559	13400	13668
12.2567	13668	13936
12.271	13936	14204
12.2719	14204	14472
12.2727	14472	14740
12.287	14740	15008
12.2879	15008	15276
12.2887	15276	15544
12.303	15544	15812
12.3039	15812	16080
12.3047	16080	16348
12.319	16348	16616
12.3199	16616	16884
12.3207	16884	17152
12.335	17152	17420
12.3359	17420	17688
12.3367	17688	17956
12.351	17956	18224
12.3519	18224	18492
12.3527	18492	18760
12.367	18760	19028
12.3679	19028	19296
12.3687	19296	19564
12.383	19564	19832
12.3839	19832	20100
12.3847	20100	20368
12.399	20368	20636
12.3999	20636	20904
12.4007	20904	21172
12.415	21172	21440
12.4159	21440	21708
12.4167	21708	21976
12.431	21976	22244
12.4319	22244	22512
12.4327	22512	22780
12.447	22780	23048
12.4487	23048	1072
12.463	1072	1340
12.47	1340	1608
12.4768	1608	1876
12.4833	1876	2144
12.4898	2144	2412
12.4906	2412	2680
12.4976	2680	2948
12.4986	2948	3216
12.511	3216	1072
12.527	1072	1340
12.534	1340	1608
12.5408	1608	1876
12.5473	1876	2144
12.5538	2144	2412
12.5546	2412	2680
12.5616	2680	2948
12.5626	2948	3216
12.568	3216	3484
12.575	3484	3752
12.5759	3752	4020
12.5767	4020	4288
12.591	4288	4556
12.5919	4556	4824
12.5927	4824	5092
12.607	5092	5360
12.6079	5360	5628
12.6087	5628	5896
12.623	5896	6164
12.6239	6164	6432
12.6247	6432	6700
12.639	6700	6968
12.6399	6968	7236
12.6407	7236	7504
12.655	7504	7772
12.6559	7772	8040
12.6567	8040	8308
12.671	8308	8576
12.6719	8576	8844
12.6727	8844	9112
12.687	9112	9380
12.6879	9380	9648
12.6887	9648	9916
12.703	9916	10184
12.7039	10184	10452
12.719	10452	1072
12.735	1072	1340
12.742	1340	1608
12.7488	1608	1876
12.7553	1876	2144
12.7618	2144	2412
12.7626	2412	2680
12.7696	2680	2948
12.7706	2948	3216
12.776	3216	3484
12.783	3484	3752
12.7839	3752	4020
12.7847	4020	4288
12.799	4288	4556
12.7999	4556	4824
12.8007	4824	5092
12.815	5092	5360
12.8159	5360	5628
12.8167	5628	5896
12.831	5896	6164
12.8319	6164	6432
12.8327	6432	6700
12.847	6700	6968
12.8479	6968	7236
12.8487	7236	7504
12.863	7504	7772
12.8639	7772	8040
12.8647	8040	8308
12.879	8308	8576
12.8799	8576	8844
12.8807	8844	9112
12.895	9112	9380
12.8959	9380	9648
12.8967	9648	9916
12.911	9916	10184
12.9119	10184	10452
12.9127	10452	10720
12.927	10720	10988
12.9279	10988	11256
12.9287	11256	11524
12.943	11524	11792
12.9439	11792	12060
12.9447	12060	12328
12.959	12328	12596
12.9599	12596	12864
12.9607	12864	13132
12.975	13132	13400
12.9759	13400	13668
12.9767	13668	13936
12.991	13936	14204
12.9919	14204	14472
12.9927	14472	14740
13.007	14740	15008
13.0079	15008	15276
13.0087	15276	15544
13.023	15544	15812
13.0239	15812	16080
13.0247	16080	16348
13.039	16348	16616
13.0399	16616	16884
13.0407	16884	17152
13.055	17152	17420
13.0559	17420	17688
13.0567	17688	17956
13.071	17956	18224
13.0719	18224	18492
13.0727	18492	18760
13.087	18760	19028
13.0879	19028	19296
13.0887	19296	19564
13.103	19564	19832
13.1039	19832	20100
13.1047	20100	20368
13.119	20368	20636
13.1199	20636	20904
13.1207	20904	21172
13.135	21172	21440
13.1359	21440	21708
13.1367	21708	21976
13.151	21976	22244
13.1519	22244	22512
13.1527	22512	22780
13.167	22780	23048
13.1679	23048	23316
13.1687	23316	23584
13.183	23584	23852
13.1839	23852	24120
13.1847	24120	24388
13.199	24388	24656
13.1999	24656	24924
13.2007	24924	25192
13.215	25192	25460
13.2159	25460	25728
13.2167	25728	25996
13.231	25996	26264
13.2319	26264	26532
13.2327	26532	26800
13.247	26800	27068
13.2479	27068	27336
13.2487	27336	27604
13.263	27604	27872
13.2639	27872	28140
13.2647	28140	28408
13.279	28408	28676
13.2799	28676	28944
13.2807	28944	29212
13.295	29212	29480
13.2959	29480	29748
13.2967	29748	30016
13.311	30016	30284
13.3119	30284	30552
13.3127	30552	30820
13.327	30820	31088
13.3279	31088	31356
13.3287	31356	31624
13.343	31624	31892
13.3439	31892	32160
13.3447	32160	32428
13.359	32428	32696
13.3599	32696	32964
13.3607	32964	33232
13.375	33232	33500
13.3759	33500	33768
13.3767	33768	34036
13.391	34036	34304
13.3919	34304	34572
13.3927	34572	34840
13.407	34840	35108
13.4079	35108	35376
13.4087	35376	35644
13.423	35644	35912
13.4239	35912	36180
13.4247	36180	36448
13.439	36448	36716
13.4399	36716	36984
13.4407	36984	37252
13.455	37252	37520
13.4559	37520	37788
13.4567	37788	38056
13.471	38056	38324
13.4719	38324	38592
13.4727	38592	38860
13.487	38860	39128
13.4879	39128	39396
13.4887	39396	39664
13.503	39664	39932
13.5039	39932	40200
13.5047	40200	40468
13.519	40468	40736
13.5199	40736	41004
13.5207	41004	41272
13.535	41272	41540
13.5359	41540	41808
13.5367	41808	42076
13.551	42076	42344
13.5519	42344	42612
13.5527	42612	42880
13.567	42880	43148
13.5679	43148	43416
13.5687	43416	43684
13.583	43684	43952
13.5839	43952	44220
13.5847	44220	44488
13.599	44488	44756
13.5999	44756	45024
13.6007	45024	45292
13.615	45292	45560
13.6159	45560	45828
13.6167	45828	46096
13.631	46096	46364
13.6319	46364	46632
13.6327	46632	46900
13.647	46900	47168
13.6479	47168	47436
13.6487	47436	47704
13.663	47704	47972
13.6639	47972	48240
13.6647	48240	48508
13.679	48508	48776
13.6799	48776	49044
13.6807	49044	49312
13.695	49312	49580
13.6959	49580	49848
13.6967	49848	50116
13.711	50116	50384
13.7119	50384	50652
13.7127	50652	50920
13.727	50920	51188
13.7279	51188	51456
13.7287	51456	51724
13.743	51724	51992
13.7439	51992	52260
13.7447	52260	52528
13.759	52528	52796
13.7599	52796	53064
13.7607	53064	53332
13.775	53332	53600
13.7759	53600	53868
13.7767	53868	54136
13.791	54136	54404
13.7919	54404	54672
13.7927	54672	54940
13.807	54940	55208
13.8079	55208	55476
13.8087	55476	55744
13.823	55744	56012
13.8239	56012	56280
13.8247	56280	56548
13.839	56548	56816
13.8399	56816	57084
13.8407	57084	57352
13.855	57352	57620
13.8559	57620	57888
13.8567	57888	58156
13.871	58156	58424
13.8719	58424	58692
13.8727	58692	58960
13.887	58960	59228
13.8879	59228	59496
13.8887	59496	59764
13.903	59764	60032
13.9039	60032	60300
13.9047	60300	60568
13.919	60568	60836
13.9199	60836	61104
13.9207	61104	61372
13.935	61372	61640
13.9359	61640	61908
13.9367	61908	62176
13.951	62176	62444
13.9519	62444	62712
13.9527	62712	62980
13.967	62980	63248
13.9679	63248	63516
13.9687	63516	63784
13.983	63784	64052
13.9839	64052	64320
13.9847	64320	64588
13.999	64588	64856
13.9999	64856	65124
14.0007	65124	65392
14.015	65392	65660
14.0159	65660	65928
14.0167	65928	66196
14.031	66196	66464
14.0319	66464	66732
14.0327	66732	67000
14.047	67000	67268
14.0479	67268	67536
14.0487	67536	67804
14.063	67804	68072
14.0639	68072	68340
14.079	68340	1072
14.095	1072	1340
14.102	1340	1608
14.1088	1608	1876
14.1153	1876	2144
14.1218	2144	2412
14.1226	2412	2680
14.1296	2680	2948
14.136	2948	1072
14.149	1072	1340
14.156	1340	1608
14.163	1608	1876
14.1695	1876	2144
14.1772	2144	2412
14.1781	2412	2680
14.1842	2680	2948
14.1851	2948	3216
14.1932	3216	3484
14.1941	3484	3752
14.1951	3752	4020
14.2065	4020	4288
14.2075	4288	4556
14.2084	4556	4824
14.2225	4824	5092
14.2235	5092	5360
14.2244	5360	5628
14.2385	5628	5896
14.2395	5896	6164
14.2404	6164	6432
14.2545	6432	6700
14.2555	6700	6968
14.2705	6968	1232
14.287	1232	1500
14.294	1500	1768
14.3008	1768	2036
14.3073	2036	2304
14.3138	2304	2572
14.3146	2572	2840
14.3216	2840	3108
14.3226	3108	3376
14.328	3376	3644
14.335	3644	3912
14.3359	3912	4180
14.3367	4180	4448
14.351	4448	4716
14.3519	4716	4984
14.3527	4984	5252
14.367	5252	5520
14.3679	5520	5788
14.3687	5788	6056
14.383	6056	6324
14.3839	6324	6592
14.3847	6592	6860
14.399	6860	7128
14.3999	7128	7396
14.4007	7396	7664
14.415	7664	7932
14.4159	7932	8200
14.4167	8200	8468
14.431	8468	8736
14.4319	8736	9004
14.4327	9004	9272
14.447	9272	9540
14.4479	9540	9808
14.4487	9808	10076
14.463	10076	10344
14.4639	10344	10612
14.4647	10612	10880
14.479	10880	11148
14.4799	11148	11416
14.4807	11416	11684
14.495	11684	11952
14.4959	11952	12220
14.4967	12220	12488
14.511	12488	12756
14.5119	12756	13024
14.5127	13024	13292
14.527	13292	13560
14.5279	13560	13828
14.5287	13828	14096
14.543	14096	14364
14.5439	14364	14632
14.5447	14632	14900
14.559	14900	15168
14.5599	15168	15436
14.5607	15436	15704
14.575	15704	15972
14.5759	15972	16240
14.5767	16240	16508
14.591	16508	16776
14.5919	16776	17044
14.5927	17044	17312
14.607	17312	17580
14.6079	17580	17848
14.6087	17848	18116
14.623	18116	18384
14.6239	18384	18652
14.6247	18652	18920
14.639	18920	19188
14.6399	19188	19456
14.6407	19456	19724
14.655	19724	19992
14.6559	19992	20260
14.6567	20260	20528
14.671	20528	20796
14.6719	20796	21064
14.6727	21064	21332
14.687	21332	21600
14.6879	21600	21868
14.6887	21868	22136
14.703	22136	22404
14.7039	22404	22672
14.7047	22672	22940
14.719	22940	23208
14.7199	23208	23476
14.7207	23476	23744
14.735	23744	24012
14.7359	24012	24280
14.7367	24280	24548
14.751	24548	24816
14.7519	24816	25084
14.7527	25084	25352
14.767	25352	25620
14.7679	25620	25888
14.7687	25888	26156
14.783	26156	26424
14.7839	26424	26692
14.7847	26692	26960
14.799	26960	27228
14.7999	27228	27496
14.8007	27496	27764
14.815	27764	28032
14.8159	28032	28300
14.8167	28300	28568
14.831	28568	28836
14.8319	28836	29104
14.8327	29104	29372
14.847	29372	29640
14.8479	29640	29908
14.8487	29908	30176
14.863	30176	30444
14.8639	30444	30712
14.8647	30712	30980
14.879	30980	31248
14.8799	31248	31516
14.8807	31516	31784
14.895	31784	32052
14.8959	32052	32320
14.8967	32320	32588
14.911	32588	32856
14.9119	32856	33124
14.9127	33124	33392
14.927	33392	33660
14.9279	33660	33928
14.9287	33928	34196
14.943	34196	34464
14.9439	34464	34732
14.9447	34732	35000
14.959	35000	35268
14.9599	35268	35536
14.9607	35536	35804
14.975	35804	36072
14.9759	36072	36340
14.9767	36340	36608
14.991	36608	36876
14.9919	36876	37144
14.9927	37144	37412
15.007	37412	37680
15.008	37680	37948
15.0087	37948	38216
15.023	38216	38484
15.0239	38484	38752
15.0247	38752	39020
15.039	39020	39288
15.0399	39288	39556
15.0407	39556	39824
15.055	39824	40092
15.0559	40092	40360
15.0567	40360	40628
15.0715	40628	40896
15.0724	40896	1072
15.087	1072	1340
15.094	1340	1608
15.1008	1608	1876
15.1073	1876	2144
15.1138	2144	2412
15.1146	2412	2680
15.1216	2680	2948
15.1226	2948	3216
15.128	3216	3484
15.135	3484	3752
15.1359	3752	4020
15.1367	4020	4288
15.151	4288	4556
15.1519	4556	4824
15.1527	4824	5092
15.167	5092	5360
15.1679	5360	5628
15.1687	5628	5896
15.183	5896	6164
15.1839	6164	6432
15.1847	6432	6700
15.199	6700	6968
15.1999	6968	7236
15.2007	7236	7504
15.215	7504	7772
15.2159	7772	8040
15.2167	8040	8308
15.231	8308	8576
15.2319	8576	8844
15.2327	8844	9112
15.247	9112	9380
15.2479	9380	9648
15.2487	9648	9916
15.263	9916	10184
15.2639	10184	10452
15.2647	10452	10720
15.279	10720	10988
15.2799	10988	11256
15.2807	11256	11524
15.295	11524	11792
15.2959	11792	12060
15.2967	12060	12328
15.311	12328	12596
15.3119	12596	12864
15.3127	12864	13132
15.327	13132	13400
15.3279	13400	13668
15.3287	13668	13936
15.343	13936	14204
15.3439	14204	14472
15.3447	14472	14740
15.359	14740	15008
15.3599	15008	15276
15.3607	15276	15544
15.375	15544	15812
15.3759	15812	16080
15.3767	16080	16348
15.391	16348	16616
15.3919	16616	16884
15.3927	16884	17152
15.407	17152	17420
15.4079	17420	17688
15.4087	17688	17956
15.423	17956	18224
15.4239	18224	18492
15.4247	18492	18760
15.439	18760	19028
15.4399	19028	19296
15.4407	19296	19564
15.455	19564	19832
15.4559	19832	20100
15.4567	20100	20368
15.471	20368	20636
15.4719	20636	20904
15.4727	20904	21172
15.487	21172	21440
15.4879	21440	21708
15.4887	21708	21976
15.503	21976	22244
15.5039	22244	22512
15.5047	22512	22780
15.519	22780	23048
15.5199	23048	23316
15.5207	23316	23584
15.535	23584	23852
15.5359	23852	24120
15.5367	24120	24388
15.551	24388	24656
15.5519	24656	24924
15.5527	24924	25192
15.567	25192	25460
15.5679	25460	25728
15.5687	25728	25996
15.583	25996	26264
15.5839	26264	26532
15.5847	26532	26800
15.599	26800	27068
15.5999	27068	27336
15.6007	27336	27604
15.615	27604	27872
15.6159	27872	28140
15.6167	28140	28408
15.631	28408	28676
15.6319	28676	28944
15.6327	28944	29212
15.647	29212	29480
15.6479	29480	29748
15.6487	29748	30016
15.663	30016	30284
15.6639	30284	30552
15.6647	30552	30820
15.679	30820	31088
15.6799	31088	31356
15.6807	31356	31624
15.6951	31624	31892
15.696	31892	32160
15.6968	32160	32428
15.7126	32428	32696
15.7135	32696	32964
15.7143	32964	33232
15.7287	33232	33500
15.7297	33500	33768
15.7305	33768	34036
15.7482	34036	34304
15.7492	34304	34572
15.7499	34572	34840
15.7677	34840	35108
15.7686	35108	35376
15.7694	35376	35644
15.7905	35644	35912
15.7914	35912	36180
15.7922	36180	36448
15.809	36448	36716
15.8099	36716	36984
15.8107	36984	37252
15.817	37252	37520
15.8179	37520	37788
15.8187	37788	38056
15.8256	38056	38324
15.8266	38324	38592
15.8274	38592	38860
15.8416	38860	39128
15.8426	39128	39396
15.8434	39396	39664
15.8576	39664	39932
15.8586	39932	40200
15.8594	40200	40468
15.8736	40468	40736
15.8746	40736	41004
15.8754	41004	41272
15.8896	41272	41540
15.8906	41540	41808
15.8914	41808	42076
15.9056	42076	42344
15.9066	42344	42612
15.9074	42612	42880
15.9216	42880	43148
15.9226	43148	43416
15.9234	43416	43684
15.9376	43684	43952
15.9386	43952	44220
15.9394	44220	44488
15.9536	44488	44756
15.9546	44756	45024
15.9554	45024	45292
15.9696	45292	45560
15.9706	45560	45828
15.9714	45828	46096
15.9856	46096	46364
15.9866	46364	46632
15.9874	46632	46900
16.0016	46900	47168
16.0026	47168	47436
16.0034	47436	47704
16.0176	47704	47972
16.0186	47972	48240
16.0194	48240	48508
16.0336	48508	48776
16.0346	48776	49044
16.0354	49044	49312
16.0496	49312	49580
16.0506	49580	49848
16.0514	49848	50116
16.0656	50116	50384
16.0666	50384	50652
16.0674	50652	50920
16.0816	50920	51188
16.0826	51188	51456
16.0834	51456	51724
16.0976	51724	51992
16.0986	51992	52260
16.0994	52260	52528
16.1136	52528	52796
16.1146	52796	53064
16.1154	53064	53332
16.1296	53332	53600
16.1306	53600	53868
16.1314	53868	54136
16.1456	54136	54404
16.1466	54404	54672
16.1474	54672	54940
16.1616	54940	55208
16.1626	55208	55476
16.1634	55476	55744
16.1776	55744	56012
16.1786	56012	56280
16.1794	56280	56548
16.1936	56548	56816
16.1946	56816	57084
16.1954	57084	57352
16.2096	57352	57620
16.2106	57620	57888
16.2114	57888	58156
16.2256	58156	58424
16.2266	58424	58692
16.2274	58692	58960
16.2416	58960	59228
16.2426	59228	59496
16.2434	59496	59764
16.2576	59764	60032
16.2586	60032	60300
16.2594	60300	60568
16.2736	60568	60836
16.2746	60836	61104
16.2754	61104	61372
16.2896	61372	61640
16.2906	61640	61908
16.2914	61908	62176
16.3056	62176	62444
16.3066	62444	62712
16.3074	62712	62980
16.3216	62980	63248
16.3226	63248	63516
16.3234	63516	63784
16.3376	63784	64052
16.3386	64052	64320
16.3394	64320	64588
16.3536	64588	64856
16.3546	64856	65124
16.3554	65124	65392
16.3696	65392	65660
16.3706	65660	65928
16.3714	65928	66196
16.3856	66196	66464
16.3866	66464	66732
16.3874	66732	67000
16.4016	67000	67268
16.4026	67268	67536
16.4034	67536	67804
16.4176	67804	68072
16.4186	68072	68340
16.4194	68340	68608
16.4336	68608	68876
16.4346	68876	69144
16.4354	69144	69412
16.4496	69412	69680
16.4506	69680	69948
16.4514	69948	70216
16.4656	70216	70484
16.4666	70484	70752
16.4674	70752	71020
16.4816	71020	71288
16.4826	71288	71556
16.4834	71556	71824
16.4976	71824	72092
16.4986	72092	72360
16.4994	72360	72628
16.5136	72628	72896
16.5146	72896	73164
16.5154	73164	73432
16.5296	73432	73700
16.5306	73700	73968
16.5314	73968	74236
16.5456	74236	74504
16.5466	74504	74772
16.5474	74772	75040
16.5616	75040	75308
16.5626	75308	75576
16.5634	75576	75844
16.5776	75844	76112
16.5786	76112	76380
16.5794	76380	76648
16.5936	76648	76916
16.5946	76916	77184
16.5954	77184	77452
16.6096	77452	77720
16.6106	77720	77988
16.6114	77988	78256
16.6256	78256	78524
16.6266	78524	78792
16.6274	78792	79060
16.6416	79060	79328
16.6426	79328	79596
16.6434	79596	79864
16.6576	79864	80132
16.6586	80132	80400
16.6594	80400	80668
16.6736	80668	80936
16.6746	80936	81204
16.6754	81204	81472
16.6896	81472	81740
16.6906	81740	82008
16.6914	82008	82276
16.7056	82276	82544
16.7066	82544	82812
16.7074	82812	83080
16.7216	83080	83348
16.7226	83348	83616
16.7234	83616	83884
16.7376	83884	84152
16.7386	84152	84420
16.7394	84420	84688
16.7536	84688	84956
16.7546	84956	85224
16.7554	85224	85492
16.7696	85492	85760
16.7706	85760	86028
16.7714	86028	86296
16.7856	86296	86564
16.7866	86564	86832
16.7874	86832	87100
16.8016	87100	87368
16.8026	87368	87636
16.8034	87636	87904
16.8176	87904	88172
16.8186	88172	88440
16.8194	88440	88708
16.8336	88708	88976
16.8346	88976	89244
16.8354	89244	89512
16.8496	89512	89780
16.8506	89780	90048
16.8514	90048	90316
16.8656	90316	90584
16.8666	90584	90852
16.8674	90852	91120
16.8799	91120	91388
16.8809	91388	91656
16.8816	91656	91924
16.8955	91924	92192
16.8964	92192	92460
16.8972	92460	92728
16.911	92728	92996
16.9119	92996	93264
16.9127	93264	93532
16.9289	93532	93800
16.9298	93800	94068
16.9306	94068	94336
16.9435	94336	94604
16.9444	94604	94872
16.9452	94872	95140
16.959	95140	95408
16.9599	95408	95676
16.9607	95676	95944
16.975	95944	96212
16.9759	96212	96480
16.9767	96480	96748
16.991	96748	97016
16.9919	97016	97284
16.9927	97284	97552
17.0096	97552	97820
17.0106	97820	98088
17.0114	98088	98356
17.0256	98356	98624
17.0266	98624	98892
17.0274	98892	99160
17.0416	99160	99428
17.0426	99428	99696
17.0434	99696	99964
17.0576	99964	100232
17.0586	100232	100500
17.0594	100500	100768
17.0736	100768	101036
17.0746	101036	101304
17.0754	101304	101572
17.0896	101572	101840
17.0906	101840	102108
17.0914	102108	102376
17.1056	102376	102644
17.1066	102644	102912
17.1074	102912	103180
17.1216	103180	103448
17.1226	103448	103716
17.1234	103716	103984
17.1376	103984	104252
17.1386	104252	104520
17.1394	104520	104788
17.1536	104788	105056
17.1546	105056	105324
17.1554	105324	105592
17.1696	105592	105860
17.1706	105860	106128
17.1714	106128	106396
17.1856	106396	106664
17.1866	106664	106932
17.1874	106932	107200
17.2016	107200	107468
17.2026	107468	107736
17.2034	107736	108004
17.2176	108004	108272
17.2186	108272	108540
17.2194	108540	108808
17.2336	108808	109076
17.2346	109076	109344
17.2354	109344	109612
17.2496	109612	109880
17.2506	109880	110148
17.2514	110148	110416
17.2656	110416	110684
17.2666	110684	110952
17.2674	110952	111220
17.2816	111220	111488
17.2826	111488	111756
17.2834	111756	112024
17.2976	112024	112292
17.2986	112292	112560
17.2994	112560	112828
17.3136	112828	113096
17.3146	113096	113364
17.3154	113364	113632
17.3296	113632	113900
17.3306	113900	114168
17.3314	114168	114436
17.3456	114436	114704
17.3466	114704	114972
17.3474	114972	115240
17.3616	115240	115508
17.3626	115508	115776
17.3634	115776	116044
17.3776	116044	116312
17.3786	116312	116580
17.3794	116580	116848
17.3936	116848	117116
17.3946	117116	117384
17.3954	117384	117652
17.4096	117652	117920
17.4106	117920	118188
17.4114	118188	118456
17.4256	118456	118724
17.4266	118724	118992
17.4274	118992	119260
17.4416	119260	119528
17.4426	119528	119796
17.4434	119796	120064
17.4576	120064	120332
17.4586	120332	120600
17.4594	120600	120868
17.4736	120868	121136
17.4746	121136	121404
17.4754	121404	121672
17.4896	121672	121940
17.4906	121940	122208
17.4914	122208	122476
17.5056	122476	122744
17.5066	122744	123012
17.5074	123012	123280
17.5216	123280	123548
17.5226	123548	123816
17.5234	123816	124084
17.5376	124084	124352
17.5386	124352	124620
17.5394	124620	124888
17.5536	124888	125156
17.5546	125156	125424
17.5554	125424	125692
17.5696	125692	125960
17.5706	125960	126228
17.5714	126228	126496
17.5856	126496	126764
17.5866	126764	127032
17.5874	127032	127300
17.6016	127300	127568
17.6026	127568	127836
17.6034	127836	128104
17.6176	128104	128372
17.6186	128372	128640
17.6194	128640	128908
17.6336	128908	129176
17.6346	129176	129444
17.6354	129444	129712
17.6496	129712	129980
17.6506	129980	130248
17.6514	130248	130516
17.6656	130516	130784
17.6666	130784	131052
17.6674	131052	131320
17.6816	131320	131588
17.6826	131588	131856
17.6834	131856	132124
17.6976	132124	132392
17.6986	132392	132660
17.6994	132660	132928
17.7136	132928	133196
17.7146	133196	133464
17.7154	133464	133732
17.7296	133732	134000
17.7306	134000	134268
17.7314	134268	134536
17.7456	134536	134804
17.7466	134804	135072
17.7474	135072	135340
17.7616	135340	135608
17.7626	135608	135876
17.7634	135876	136144
17.7781	136144	136412
17.7791	136412	1072
17.7936	1072	1340
17.8006	1340	1608
17.8096	1608	1876
17.8162	1876	2144
17.8252	2144	2412
17.8261	2412	2680
17.8322	2680	2948
17.8331	2948	3216
17.8412	3216	3484
17.8421	3484	3752
17.8431	3752	4020
17.8572	4020	4288
17.8581	4288	4556
17.8591	4556	4824
17.8732	4824	5092
17.8751	5092	1072
17.8896	1072	1340
17.8966	1340	1608
17.9083	1608	1876
17.9148	1876	2144
17.9238	2144	2412
17.9248	2412	2680
17.9308	2680	2948
17.9318	2948	3216
17.9398	3216	3484
17.9408	3484	3752
17.9417	3752	4020
17.9532	4020	4288
17.9541	4288	4556
17.9551	4556	4824
17.9692	4824	5092
17.9701	5092	5360
17.9711	5360	5628
17.9852	5628	5896
17.9861	5896	6164
17.9871	6164	6432
18.0012	6432	6700
18.0021	6700	6968
18.0031	6968	7236
18.0172	7236	7504
18.0181	7504	7772
18.0191	7772	8040
18.0332	8040	8308
18.0341	8308	8576
18.0351	8576	8844
18.0492	8844	9112
18.0501	9112	9380
18.0511	9380	9648
18.0652	9648	9916
18.0661	9916	10184
18.0671	10184	10452
18.0812	10452	10720
18.0821	10720	10988
18.0831	10988	11256
18.0972	11256	11524
18.0981	11524	11792
18.0991	11792	12060
18.1132	12060	12328
18.1141	12328	12596
18.1151	12596	12864
18.1292	12864	13132
18.1301	13132	13400
18.1311	13400	13668
18.1452	13668	13936
18.1461	13936	14204
18.1471	14204	14472
18.1612	14472	14740
18.1621	14740	15008
18.1631	15008	15276
18.1772	15276	15544
18.1781	15544	15812
18.1791	15812	16080
18.1932	16080	16348
18.1941	16348	16616
18.1951	16616	16884
18.2092	16884	17152
18.2101	17152	17420
18.2111	17420	17688
18.2261	17688	1072
18.2443	1072	1340
18.4508	1340	1608
18.4678	1608	1072
18.4838	1072	1340
18.4908	1340	1608
18.5003	1608	1876
18.5068	1876	2144
18.5158	2144	2412
18.5168	2412	2680
18.5228	2680	2948
18.5238	2948	3216
18.5318	3216	3484
18.5328	3484	3752
18.5337	3752	4020
18.5388	4020	4288
18.5398	4288	4556
18.5407	4556	4824
18.5478	4824	5092
18.5488	5092	5360
18.5497	5360	5628
18.5507	5628	5896
18.5543	5896	6164
18.5553	6164	6432
18.5562	6432	6700
18.5572	6700	6968
18.5581	6968	7236
18.5644	7236	7504
18.5653	7504	7772
18.5663	7772	8040
18.5672	8040	8308
18.5682	8308	8576
18.5691	8576	8844
18.5709	8844	9112
18.5718	9112	9380
18.5728	9380	9648
18.5737	9648	9916
18.5747	9916	10184
18.5809	10184	10452
18.5819	10452	10720
18.5828	10720	10988
18.5838	10988	11256
18.5847	11256	11524
18.5857	11524	11792
18.5866	11792	12060
18.5875	12060	12328
18.5885	12328	12596
18.5894	12596	12864
18.5904	12864	13132
18.5913	13132	13400
18.5923	13400	13668
18.5932	13668	13936
18.5995	13936	14204
18.6004	14204	14472
18.6014	14472	14740
18.6023	14740	15008
18.6033	15008	15276
18.6042	15276	15544
18.6051	15544	15812
18.6061	15812	16080
18.607	16080	16348
18.608	16348	16616
18.6089	16616	16884
18.6099	16884	17152
18.6133	17152	17420
18.6143	17420	17688
18.6179	17688	17956
18.6252	17956	18224
18.6261	18224	18492
18.6271	18492	18760
18.6412	18760	19028
18.6421	19028	19296
18.6431	19296	19564
18.6572	19564	19832
18.6581	19832	20100
18.6591	20100	20368
18.6732	20368	20636
18.6741	20636	20904
18.6751	20904	21172
18.6892	21172	21440
18.6901	21440	21708
18.6911	21708	21976
18.7052	21976	22244
18.7061	22244	22512
18.7071	22512	22780
18.7212	22780	23048
18.7221	23048	23316
18.7231	23316	23584
18.7372	23584	23852
18.7381	23852	24120
18.7391	24120	24388
18.7532	24388	24656
18.7541	24656	24924
18.7551	24924	25192
18.7692	25192	25460
18.7701	25460	25728
18.7711	25728	25996
18.7852	25996	26264
18.7861	26264	26532
18.7871	26532	26800
18.8012	26800	27068
18.8021	27068	27336
18.8031	27336	27604
18.8172	27604	27872
18.8181	27872	28140
18.8191	28140	28408
18.8332	28408	28676
18.8341	28676	28944
18.8351	28944	29212
18.8492	29212	29480
18.8501	29480	29748
18.8511	29748	30016
18.8652	30016	30284
18.8661	30284	30552
18.8671	30552	30820
18.8812	30820	31088
18.8821	31088	31356
18.8831	31356	31624
18.8972	31624	31892
18.8981	31892	32160
18.8991	32160	32428
18.9132	32428	32696
18.9141	32696	32964
18.9151	32964	33232
18.9292	33232	33500
18.9301	33500	33768
18.9311	33768	34036
18.9452	34036	34304
18.9461	34304	34572
18.9471	34572	34840
18.9612	34840	35108
18.9621	35108	35376
18.9631	35376	35644
18.9772	35644	35912
18.9781	35912	36180
18.9791	36180	36448
18.9932	36448	36716
18.9941	36716	36984
18.9951	36984	37252
19.0092	37252	37520
19.0101	37520	37788
19.0111	37788	38056
19.0252	38056	38324
19.0261	38324	38592
19.0271	38592	38860
19.0412	38860	39128
19.0421	39128	39396
19.0572	39396	1232
19.0736	1232	1500
19.0806	1500	1768
19.0896	1768	2036
19.0962	2036	2304
19.1052	2304	2572
19.1061	2572	2840
19.1122	2840	3108
19.1131	3108	3376
19.1212	3376	3644
19.1221	3644	3912
19.1231	3912	4180
19.1372	4180	4448
19.1381	4448	4716
19.1391	4716	4984
19.1515	4984	5252
19.1524	5252	5520
19.1533	5520	5788
19.167	5788	6056
19.1679	6056	6324
19.1689	6324	6592
19.1825	6592	6860
19.1835	6860	7128
19.1844	7128	7396
19.2004	7396	7664
19.2013	7664	7932
19.2023	7932	8200
19.2172	8200	8468
19.2181	8468	8736
19.2191	8736	9004
19.2332	9004	9272
19.2341	9272	9540
19.2351	9540	9808
19.2492	9808	10076
19.2501	10076	10344
19.2511	10344	10612
19.2652	10612	10880
19.2661	10880	11148
19.2671	11148	11416
19.2812	11416	11684
19.2821	11684	11952
19.2831	11952	12220
19.2972	12220	12488
19.2981	12488	12756
19.2991	12756	13024
19.3132	13024	13292
19.3141	13292	13560
19.3151	13560	13828
19.3292	13828	14096
19.3301	14096	14364
19.3311	14364	14632
19.3452	14632	14900
19.3461	14900	15168
19.3471	15168	15436
19.3612	15436	15704
19.3621	15704	15972
19.3631	15972	16240
19.3772	16240	16508
19.3781	16508	16776
19.3791	16776	17044
19.3932	17044	17312
19.3941	17312	17580
19.3951	17580	17848
19.4092	17848	18116
19.4101	18116	18384
19.4111	18384	18652
19.4252	18652	18920
19.4261	18920	19188
19.4271	19188	19456
19.4421	19456	1072
19.6598	1072	1340
19.6826	1340	1072
19.6995	1072	1340
19.7065	1340	1608
19.7163	1608	1876
19.7228	1876	2144
19.7318	2144	2412
19.7328	2412	2680
19.7388	2680	2948
19.7398	2948	3216
19.7478	3216	3484
19.7488	3484	3752
19.7497	3752	4020
19.7548	4020	4288
19.7558	4288	4556
19.7567	4556	4824
19.7638	4824	5092
19.7648	5092	5360
19.7657	5360	5628
19.7667	5628	5896
19.7703	5896	6164
19.7713	6164	6432
19.7722	6432	6700
19.7732	6700	6968
19.7741	6968	7236
19.7804	7236	7504
19.7813	7504	7772
19.7823	7772	8040
19.7832	8040	8308
19.7842	8308	8576
19.7851	8576	8844
19.7869	8844	9112
19.7878	9112	9380
19.7888	9380	9648
19.7897	9648	9916
19.7907	9916	10184
19.7969	10184	10452
19.7979	10452	10720
19.7988	10720	10988
19.7998	10988	11256
19.8007	11256	11524
19.8017	11524	11792
19.8026	11792	12060
19.8035	12060	12328
19.8045	12328	12596
19.8054	12596	12864
19.8064	12864	13132
19.8073	13132	13400
19.8083	13400	13668
19.8092	13668	13936
19.8155	13936	14204
19.8164	14204	14472
19.8174	14472	14740
19.8183	14740	15008
19.8193	15008	15276
19.8202	15276	15544
19.8211	15544	15812
19.8221	15812	16080
19.823	16080	16348
19.824	16348	16616
19.8249	16616	16884
19.8259	16884	17152
19.8268	17152	17420
19.8276	17420	17688
19.8339	17688	17956
19.8348	17956	18224
19.8356	18224	18492
19.8416	18492	18760
19.8426	18760	19028
19.8434	19028	19296
19.8576	19296	19564
19.8586	19564	19832
19.8594	19832	20100
19.8736	20100	20368
19.8746	20368	20636
19.8754	20636	20904
19.8896	20904	21172
19.8906	21172	21440
19.8914	21440	21708
19.9039	21708	21976
19.9049	21976	22244
19.9056	22244	22512
19.9195	22512	22780
19.9204	22780	23048
19.9212	23048	23316
19.935	23316	23584
19.9359	23584	23852
19.9367	23852	24120
19.9529	24120	24388
19.9538	24388	24656
19.9546	24656	24924
19.9696	24924	25192
19.9706	25192	25460
19.9714	25460	25728
19.9856	25728	25996
19.9866	25996	26264
19.9874	26264	26532
20.0016	26532	26800
20.0026	26800	27068
20.0034	27068	27336
20.0176	27336	27604
20.0186	27604	27872
20.0194	27872	28140
20.0336	28140	28408
20.0346	28408	28676
20.0354	28676	28944
20.0496	28944	29212
20.0506	29212	29480
20.0514	29480	29748
20.0656	29748	30016
20.0666	30016	30284
20.0674	30284	30552
20.0816	30552	30820
20.0826	30820	31088
20.0834	31088	31356
20.0976	31356	31624
20.0986	31624	31892
20.0994	31892	32160
20.1136	32160	32428
20.1146	32428	32696
20.1154	32696	32964
20.1296	32964	33232
20.1306	33232	33500
20.1314	33500	33768
20.1439	33768	34036
20.1449	34036	34304
20.1456	34304	34572
20.1595	34572	34840
20.1604	34840	35108
20.1612	35108	35376
20.175	35376	35644
20.1759	35644	35912
20.1767	35912	36180
20.1936	36180	36448
20.1946	36448	36716
20.1954	36716	36984
20.2096	36984	37252
20.2106	37252	37520
20.2114	37520	37788
20.2256	37788	38056
20.2266	38056	38324
20.2274	38324	38592
20.2416	38592	38860
20.2426	38860	39128
20.2434	39128	39396
20.2576	39396	39664
20.2586	39664	39932
20.2594	39932	40200
20.2736	40200	40468
20.2746	40468	40736
20.2754	40736	41004
20.2896	41004	41272
20.2906	41272	41540
20.2914	41540	41808
20.3056	41808	42076
20.3066	42076	42344
20.3074	42344	42612
20.3216	42612	42880
20.3226	42880	43148
20.3234	43148	43416
20.3376	43416	43684
20.3386	43684	43952
20.3394	43952	44220
20.3536	44220	44488
20.3546	44488	44756
20.3554	44756	45024
20.3696	45024	45292
20.3706	45292	45560
20.3714	45560	45828
20.3856	45828	46096
20.3866	46096	46364
20.3874	46364	46632
20.4016	46632	46900
20.4026	46900	47168
20.4034	47168	47436
20.4176	47436	47704
20.4186	47704	47972
20.4194	47972	48240
20.4336	48240	48508
20.4346	48508	48776
20.4354	48776	49044
20.4479	49044	49312
20.4489	49312	49580
20.4496	49580	49848
20.4635	49848	50116
20.4644	50116	50384
20.4652	50384	50652
20.479	50652	50920
20.4799	50920	51188
20.4807	51188	51456
20.4976	51456	51724
20.4986	51724	51992
20.4994	51992	52260
20.5136	52260	52528
20.5146	52528	52796
20.5154	52796	53064
20.5296	53064	53332
20.5306	53332	53600
20.5314	53600	53868
20.5456	53868	54136
20.5466	54136	54404
20.5474	54404	54672
20.5616	54672	54940
20.5626	54940	55208
20.5634	55208	55476
20.5776	55476	55744
20.5786	55744	56012
20.5794	56012	56280
20.5936	56280	56548
20.5946	56548	56816
20.5954	56816	57084
20.6096	57084	57352
20.6106	57352	57620
20.6114	57620	57888
20.6256	57888	58156
20.6266	58156	58424
20.6274	58424	58692
20.6416	58692	58960
20.6426	58960	59228
20.6434	59228	59496
20.6576	59496	59764
20.6586	59764	60032
20.6594	60032	60300
20.6736	60300	60568
20.6746	60568	60836
20.6754	60836	61104
20.6896	61104	61372
20.6906	61372	61640
20.6914	61640	61908
20.7056	61908	62176
20.7066	62176	62444
20.7074	62444	62712
20.7216	62712	62980
20.7226	62980	63248
20.7234	63248	63516
20.7376	63516	63784
20.7386	63784	64052
20.7394	64052	64320
20.7536	64320	64588
20.7546	64588	64856
20.7554	64856	65124
20.7696	65124	65392
20.7706	65392	65660
20.7714	65660	65928
20.7856	65928	66196
20.7866	66196	66464
20.7874	66464	66732
20.8016	66732	67000
20.8026	67000	67268
20.8034	67268	67536
20.8176	67536	67804
20.8186	67804	68072
20.8194	68072	68340
20.8336	68340	68608
20.8346	68608	68876
20.8354	68876	69144
20.8496	69144	69412
20.8506	69412	69680
20.8514	69680	69948
20.8656	69948	70216
20.8666	70216	70484
20.8674	70484	70752
20.8816	70752	71020
20.8826	71020	71288
20.8834	71288	71556
20.8976	71556	71824
20.8986	71824	72092
20.8994	72092	72360
20.9136	72360	72628
20.9146	72628	72896
20.9154	72896	73164
20.9279	73164	73432
20.9289	73432	73700
20.9296	73700	73968
20.9435	73968	74236
20.9444	74236	74504
20.9452	74504	74772
20.959	74772	75040
20.9599	75040	75308
20.9607	75308	75576
20.9776	75576	75844
20.9786	75844	76112
20.9794	76112	76380
20.9936	76380	76648
20.9946	76648	76916
20.9954	76916	77184
21.0096	77184	77452
21.0106	77452	77720
21.0114	77720	77988
21.0239	77988	78256
21.0249	78256	78524
21.0256	78524	78792
21.0395	78792	79060
21.0404	79060	79328
21.0412	79328	79596
21.055	79596	79864
21.0559	79864	80132
21.0567	80132	80400
21.0736	80400	80668
21.0746	80668	80936
21.0754	80936	81204
21.0896	81204	81472
21.0906	81472	81740
21.0914	81740	82008
21.1056	82008	82276
21.1066	82276	82544
21.1074	82544	82812
21.1216	82812	83080
21.1226	83080	83348
21.1234	83348	83616
21.1376	83616	83884
21.1386	83884	84152
21.1394	84152	84420
21.1536	84420	84688
21.1546	84688	84956
21.1554	84956	85224
21.1696	85224	85492
21.1706	85492	85760
21.1714	85760	86028
21.1856	86028	86296
21.1866	86296	86564
21.1874	86564	86832
21.2016	86832	87100
21.2026	87100	87368
21.2034	87368	87636
21.2176	87636	87904
21.2186	87904	88172
21.2194	88172	88440
21.2336	88440	88708
21.2346	88708	88976
21.2354	88976	89244
21.2496	89244	89512
21.2506	89512	89780
21.2514	89780	90048
21.2656	90048	90316
21.2666	90316	90584
21.2674	90584	90852
21.2816	90852	91120
21.2826	91120	91388
21.2834	91388	91656
21.2976	91656	91924
21.2986	91924	92192
21.2994	92192	92460
21.3136	92460	92728
21.3146	92728	92996
21.3154	92996	93264
21.3296	93264	93532
21.3306	93532	93800
21.3314	93800	94068
21.3456	94068	94336
21.3466	94336	94604
21.3474	94604	94872
21.3616	94872	95140
21.3626	95140	95408
21.3634	95408	95676
21.3776	95676	95944
21.3786	95944	96212
21.3794	96212	96480
21.3936	96480	96748
21.3946	96748	97016
21.4075	97016	97284
21.4084	97284	1072
21.4235	1072	1340
21.4304	1340	1608
21.4373	1608	1876
21.4438	1876	2144
21.4503	2144	2412
21.4511	2412	2680
21.4576	2680	2948
21.4586	2948	3216
21.464	3216	3484
21.4736	3484	3752
21.4746	3752	4020
21.4754	4020	4288
21.4896	4288	4556
21.4906	4556	4824
21.4914	4824	5092
21.5056	5092	5360
21.5066	5360	5628
21.5074	5628	5896
21.5216	5896	6164
21.5226	6164	6432
21.5234	6432	6700
21.5376	6700	6968
21.5386	6968	7236
21.5394	7236	7504
21.5536	7504	7772
21.5546	7772	8040
21.5554	8040	8308
21.5696	8308	8576
21.5706	8576	8844
21.5714	8844	9112
21.5856	9112	9380
21.5866	9380	9648
21.5874	9648	9916
21.6016	9916	10184
21.6026	10184	10452
21.6034	10452	10720
21.6176	10720	10988
21.6186	10988	11256
21.6194	11256	11524
21.6336	11524	11792
21.6346	11792	12060
21.6354	12060	12328
21.6496	12328	12596
21.6506	12596	12864
21.6514	12864	13132
21.6656	13132	13400
21.6666	13400	13668
21.6674	13668	13936
21.6816	13936	14204
21.6826	14204	14472
21.6834	14472	14740
21.6959	14740	15008
21.6969	15008	15276
21.6976	15276	15544
21.7115	15544	15812
21.7124	15812	16080
21.7132	16080	16348
21.727	16348	16616
21.7279	16616	16884
21.7287	16884	17152
21.7456	17152	17420
21.7466	17420	17688
21.7474	17688	17956
21.7616	17956	18224
21.7626	18224	18492
21.7634	18492	18760
21.7776	18760	19028
21.7786	19028	19296
21.7794	19296	19564
21.7936	19564	19832
21.7946	19832	20100
21.7954	20100	20368
21.8096	20368	20636
21.8106	20636	20904
21.8114	20904	21172
21.8256	21172	21440
21.8266	21440	21708
21.8274	21708	21976
21.8416	21976	22244
21.8426	22244	22512
21.8434	22512	22780
21.8576	22780	23048
21.8586	23048	23316
21.8594	23316	23584
21.8736	23584	23852
21.8746	23852	24120
21.8754	24120	24388
21.8896	24388	24656
21.8911	24656	24924
21.9052	24924	1232
21.9216	1232	1500
21.9286	1500	1768
21.9376	1768	2036
21.9442	2036	2304
21.9515	2304	2572
21.9524	2572	2840
21.9589	2840	3108
21.9599	3108	3376
21.967	3376	3644
21.9679	3644	3912
21.9689	3912	4180
21.9825	4180	4448
21.9835	4448	4716
21.9844	4716	4984
22.0012	4984	5252
22.0021	5252	5520
22.0031	5520	5788
22.0172	5788	6056
22.0181	6056	6324
22.0191	6324	6592
22.0332	6592	6860
22.0341	6860	7128
22.0351	7128	7396
22.0492	7396	7664
22.0501	7664	7932
22.0511	7932	8200
22.0652	8200	8468
22.0661	8468	8736
22.0671	8736	9004
22.0812	9004	9272
22.0821	9272	9540
22.0831	9540	9808
22.0972	9808	10076
22.0981	10076	10344
22.0991	10344	10612
22.1132	10612	10880
22.1141	10880	11148
22.1151	11148	11416
22.1292	11416	11684
22.1301	11684	11952
22.1311	11952	12220
22.1452	12220	12488
22.1461	12488	12756
22.1471	12756	13024
22.1612	13024	13292
22.1621	13292	13560
22.1631	13560	13828
22.1772	13828	14096
22.1781	14096	14364
22.1791	14364	14632
22.1932	14632	14900
22.1941	14900	15168
22.1951	15168	15436
22.2092	15436	15704
22.2101	15704	15972
22.2111	15972	16240
22.2252	16240	16508
22.2261	16508	16776
22.2271	16776	17044
22.2412	17044	17312
22.2421	17312	17580
22.2431	17580	17848
22.2572	17848	18116
22.2581	18116	18384
22.2591	18384	18652
22.2732	18652	18920
22.2741	18920	19188
22.2751	19188	19456
22.2892	19456	19724
22.2901	19724	19992
22.2911	19992	20260
22.3052	20260	20528
22.3061	20528	20796
22.3071	20796	21064
22.3212	21064	21332
22.3221	21332	21600
22.3231	21600	21868
22.3372	21868	22136
22.3381	22136	22404
22.3391	22404	22672
22.3532	22672	22940
22.3541	22940	23208
22.3551	23208	23476
22.3692	23476	23744
22.3701	23744	24012
22.3711	24012	24280
22.3852	24280	24548
22.3861	24548	24816
22.3871	24816	25084
22.4012	25084	25352
22.4021	25352	25620
22.4031	25620	25888
22.4172	25888	26156
22.4181	26156	26424
22.4191	26424	26692
22.4332	26692	26960
22.4341	26960	27228
22.4351	27228	27496
22.4492	27496	27764
22.4501	27764	28032
22.4511	28032	28300
22.4652	28300	28568
22.4661	28568	28836
22.4671	28836	29104
22.4812	29104	29372
22.4821	29372	29640
22.4831	29640	29908
22.4972	29908	30176
22.4981	30176	30444
22.4991	30444	30712
22.5132	30712	30980
22.5141	30980	31248
22.5151	31248	31516
22.5292	31516	31784
22.5301	31784	32052
22.5311	32052	32320
22.5452	32320	32588
22.5461	32588	32856
22.5471	32856	33124
22.5612	33124	33392
22.5621	33392	33660
22.5631	33660	33928
22.5772	33928	34196
22.5781	34196	34464
22.5791	34464	34732
22.5932	34732	35000
22.5941	35000	35268
22.5951	35268	35536
22.6092	35536	35804
22.6101	35804	36072
22.6111	36072	36340
22.6252	36340	36608
22.6261	36608	36876
22.6271	36876	37144
22.6412	37144	37412
22.6421	37412	37680
22.6431	37680	37948
22.6572	37948	38216
22.6581	38216	38484
22.6591	38484	38752
22.6732	38752	39020
22.6741	39020	39288
22.6751	39288	39556
22.6892	39556	39824
22.6901	39824	40092
22.6911	40092	40360
22.7052	40360	40628
22.7061	40628	40896
22.7071	40896	41164
22.7212	41164	41432
22.7221	41432	41700
22.7231	41700	41968
22.7372	41968	42236
22.7381	42236	42504
22.7391	42504	42772
22.7537	42772	43040
22.7546	43040	1072
22.7696	1072	1340
22.7766	1340	1608
22.7856	1608	1876
22.7922	1876	2144
22.8012	2144	2412
22.8021	2412	2680
22.8082	2680	2948
22.8091	2948	3216
22.8172	3216	3484
22.8181	3484	3752
22.8191	3752	4020
22.8315	4020	4288
22.8324	4288	4556
22.8333	4556	4824
22.8475	4824	5092
22.8484	5092	5360
22.8493	5360	5628
22.8652	5628	5896
22.8661	5896	6164
22.8671	6164	6432
22.8812	6432	6700
22.8821	6700	6968
22.8831	6968	7236
22.8972	7236	7504
22.8981	7504	7772
22.8991	7772	8040
22.9132	8040	8308
22.9141	8308	8576
22.9151	8576	8844
22.9292	8844	9112
22.9301	9112	9380
22.9311	9380	9648
22.9452	9648	9916
22.9461	9916	10184
22.9471	10184	10452
22.9612	10452	10720
22.9621	10720	10988
22.9631	10988	11256
22.9772	11256	11524
22.9781	11524	11792
22.9791	11792	12060
22.9932	12060	12328
22.9941	12328	12596
22.9951	12596	12864
23.0092	12864	13132
23.0101	13132	13400
23.0111	13400	13668
23.0252	13668	13936
23.0261	13936	14204
23.0271	14204	14472
23.0412	14472	14740
23.0421	14740	15008
23.0431	15008	15276
23.0572	15276	15544
23.0581	15544	15812
23.0591	15812	16080
23.0732	16080	16348
23.0741	16348	16616
23.0751	16616	16884
23.0892	16884	17152
23.0901	17152	17420
23.0911	17420	17688
23.1052	17688	17956
23.1061	17956	18224
23.1071	18224	18492
23.1231	18492	1072
23.1381	1072	1340
23.1451	1340	1608
23.1536	1608	1876
23.1602	1876	2144
23.1692	2144	2412
23.1701	2412	2680
23.1762	2680	2948
23.1771	2948	3216
23.1852	3216	3484
23.1861	3484	3752
23.1871	3752	4020
23.2012	4020	4288
23.2021	4288	4556
23.2031	4556	4824
23.2172	4824	5092
23.2181	5092	5360
23.2191	5360	5628
23.2332	5628	5896
23.2341	5896	6164
23.2351	6164	6432
23.2492	6432	6700
23.2501	6700	6968
23.2511	6968	7236
23.2652	7236	7504
23.2661	7504	7772
23.2671	7772	8040
23.2812	8040	8308
23.2821	8308	8576
23.2831	8576	8844
23.2972	8844	9112
23.2981	9112	9380
23.2991	9380	9648
23.3132	9648	9916
23.3141	9916	10184
23.3151	10184	10452
23.3292	10452	10720
23.3301	10720	10988
23.3311	10988	11256
23.3452	11256	11524
23.3461	11524	11792
23.3471	11792	12060
23.3612	12060	12328
23.3621	12328	12596
23.3631	12596	12864
23.3772	12864	13132
23.3781	13132	13400
23.3791	13400	13668
23.3932	13668	13936
23.3941	13936	14204
23.3951	14204	14472
23.4092	14472	14740
23.4101	14740	15008
23.4111	15008	15276
23.4252	15276	15544
23.4261	15544	15812
23.4271	15812	16080
23.4412	16080	16348
23.4421	16348	16616
23.4431	16616	16884
23.4572	16884	17152
23.4581	17152	17420
23.4591	17420	17688
23.4732	17688	17956
23.4741	17956	18224
23.4751	18224	18492
23.4892	18492	18760
23.4901	18760	19028
23.4911	19028	19296
23.5052	19296	19564
23.5061	19564	19832
23.5071	19832	20100
23.5212	20100	20368
23.5221	20368	20636
23.5231	20636	20904
23.5372	20904	21172
23.5381	21172	21440
23.5391	21440	21708
23.5532	21708	21976
23.5541	21976	22244
23.5551	22244	22512
23.5692	22512	22780
23.5701	22780	23048
23.5711	23048	23316
23.5852	23316	23584
23.5861	23584	23852
23.5871	23852	24120
23.6012	24120	24388
23.6021	24388	24656
23.6031	24656	24924
23.6172	24924	25192
23.6181	25192	25460
23.6191	25460	25728
23.6332	25728	25996
23.6341	25996	26264
23.6351	26264	26532
23.6492	26532	26800
23.6501	26800	27068
23.6511	27068	27336
23.6652	27336	27604
23.6661	27604	27872
23.6671	27872	28140
23.6812	28140	28408
23.6821	28408	28676
23.6831	28676	28944
23.6972	28944	29212
23.6981	29212	29480
23.6991	29480	29748
23.7132	29748	30016
23.7141	30016	30284
23.7151	30284	30552
23.7292	30552	30820
23.7301	30820	31088
23.7311	31088	31356
23.7452	31356	31624
23.7461	31624	31892
23.7471	31892	32160
23.7612	32160	32428
23.7621	32428	32696
23.7631	32696	32964
23.7772	32964	33232
23.7781	33232	33500
23.7791	33500	33768
23.7932	33768	34036
23.7941	34036	34304
23.7951	34304	34572
23.8092	34572	34840
23.8101	34840	35108
23.8111	35108	35376
23.8252	35376	35644
23.8261	35644	35912
23.8271	35912	36180
23.8412	36180	36448
23.8421	36448	36716
23.8431	36716	36984
23.8572	36984	37252
23.8581	37252	37520
23.8591	37520	37788
23.8732	37788	38056
23.8741	38056	38324
23.8751	38324	38592
23.8892	38592	38860
23.8901	38860	39128
23.8911	39128	39396
23.9052	39396	39664
23.9061	39664	39932
23.9071	39932	40200
23.9212	40200	40468
23.9221	40468	40736
23.9231	40736	41004
23.9372	41004	41272
23.9381	41272	41540
23.9391	41540	41808
23.9532	41808	42076
23.9541	42076	42344
23.9551	42344	42612
23.9692	42612	42880
23.9701	42880	43148
23.9711	43148	43416
23.9852	43416	43684
23.9861	43684	43952
23.9871	43952	44220
24.0012	44220	44488
24.0021	44488	44756
24.0031	44756	45024
24.0172	45024	45292
24.0181	45292	45560
24.0191	45560	45828
24.0332	45828	46096
24.0341	46096	46364
24.0351	46364	46632
24.0492	46632	46900
24.0501	46900	47168
24.0511	47168	47436
24.0652	47436	47704
24.0661	47704	47972
24.0671	47972	48240
24.0795	48240	48508
24.0804	48508	48776
24.0813	48776	49044
24.095	49044	49312
24.0959	49312	49580
24.0969	49580	49848
24.1105	49848	50116
24.1115	50116	50384
24.1124	50384	50652
24.1292	50652	50920
24.1301	50920	51188
24.1311	51188	51456
24.1452	51456	51724
24.1461	51724	51992
24.1471	51992	52260
24.1612	52260	52528
24.1621	52528	52796
24.1631	52796	53064
24.1772	53064	53332
24.1781	53332	53600
24.1791	53600	53868
24.1932	53868	54136
24.1941	54136	54404
24.1951	54404	54672
24.2092	54672	54940
24.2101	54940	55208
24.2111	55208	55476
24.2252	55476	55744
24.2261	55744	56012
24.2271	56012	56280
24.2412	56280	56548
24.2421	56548	56816
24.2431	56816	57084
24.2572	57084	57352
24.2581	57352	57620
24.2591	57620	57888
24.2732	57888	58156
24.2741	58156	58424
24.2751	58424	58692
24.2892	58692	58960
24.2901	58960	59228
24.2911	59228	59496
24.3052	59496	59764
24.3061	59764	60032
24.3071	60032	60300
24.3212	60300	60568
24.3221	60568	60836
24.3231	60836	61104
24.3372	61104	61372
24.3381	61372	61640
24.3391	61640	61908
24.3532	61908	62176
24.3541	62176	62444
24.3551	62444	62712
24.3692	62712	62980
24.3701	62980	63248
24.3711	63248	63516
24.3852	63516	63784
24.3861	63784	64052
24.3871	64052	64320
24.4012	64320	64588
24.4021	64588	64856
24.4031	64856	65124
24.4172	65124	65392
24.4181	65392	65660
24.4191	65660	65928
24.4332	65928	66196
24.4341	66196	66464
24.4351	66464	66732
24.4492	66732	67000
24.4501	67000	67268
24.4511	67268	67536
24.4652	67536	67804
24.4661	67804	68072
24.4671	68072	68340
24.4812	68340	68608
24.4821	68608	68876
24.4831	68876	69144
24.4972	69144	69412
24.4981	69412	69680
24.4991	69680	69948
24.5132	69948	70216
24.5141	70216	70484
24.5151	70484	70752
24.5292	70752	71020
24.5301	71020	71288
24.5311	71288	71556
24.5452	71556	71824
24.5461	71824	72092
24.5471	72092	72360
24.5612	72360	72628
24.5621	72628	72896
24.5631	72896	73164
24.5772	73164	73432
24.5781	73432	73700
24.5791	73700	73968
24.5932	73968	74236
24.5941	74236	74504
24.5951	74504	74772
24.6092	74772	75040
24.6101	75040	75308
24.6111	75308	75576
24.6252	75576	75844
24.6261	75844	76112
24.6271	76112	76380
24.6412	76380	76648
24.6421	76648	76916
24.6431	76916	77184
24.6572	77184	77452
24.6581	77452	77720
24.6591	77720	77988
24.6715	77988	78256
24.6724	78256	78524
24.6733	78524	78792
24.687	78792	79060
24.6879	79060	79328
24.6889	79328	79596
24.7025	79596	79864
24.7035	79864	80132
24.7044	80132	80400
24.7212	80400	80668
24.7221	80668	80936
24.7231	80936	81204
24.7372	81204	81472
24.7381	81472	81740
24.7391	81740	82008
24.7532	82008	82276
24.7541	82276	82544
24.7551	82544	82812
24.7692	82812	83080
24.7701	83080	83348
24.7711	83348	83616
24.7852	83616	83884
24.7861	83884	84152
24.7871	84152	84420
24.8012	84420	84688
24.8021	84688	84956
24.8031	84956	85224
24.8172	85224	85492
24.8181	85492	85760
24.8191	85760	86028
24.8332	86028	86296
24.8341	86296	86564
24.8351	86564	86832
24.8492	86832	87100
24.8501	87100	87368
24.8511	87368	87636
24.8652	87636	87904
24.8661	87904	88172
24.8671	88172	88440
24.8812	88440	88708
24.8821	88708	88976
24.8831	88976	89244
24.8972	89244	89512
24.8981	89512	89780
24.8991	89780	90048
24.9132	90048	90316
24.9141	90316	90584
24.9154	90584	90852
24.9297	90852	1072
24.9456	1072	1340
24.9526	1340	1608
24.9616	1608	1876
24.9682	1876	2144
24.9772	2144	2412
24.9781	2412	2680
24.9842	2680	2948
24.9851	2948	3216
24.9932	3216	3484
24.9941	3484	3752
24.9951	3752	4020
25.003	4020	4288
