15.0061	0	536
15.0127	536	821
15.2192	821	1007
15.4257	1007	1159
15.4327	1159	1291
15.4443	1291	1409
15.4513	1409	1517
15.4603	1517	1618
15.4673	1618	1712
15.4758	1712	1801
15.4823	1801	1886
15.4918	1886	1967
15.4983	1967	2044
15.5078	2044	2118
15.5143	2118	2190
15.5238	2190	2259
15.5248	2259	2326
15.5308	2326	2391
15.5318	2391	2455
15.5403	2455	2517
15.5412	2517	2577
15.5473	2577	2636
15.5482	2636	2694
15.5563	2694	2750
15.5572	2750	2805
15.5628	2805	2859
15.5638	2859	2912
15.5718	2912	2964
15.5728	2964	3015
15.5783	3015	3065
15.5793	3065	3115
15.5878	3115	3164
15.5888	3164	3212
15.5943	3212	3259
15.5953	3259	3306
15.6053	3306	1072
15.6263	1072	1340
15.6363	1340	1608
15.6433	1608	1876
15.6518	1876	2144
15.6583	2144	2412
15.6593	2412	2680
15.6683	2680	2948
15.6692	2948	3216
15.6748	3216	3484
15.6758	3484	3752
15.6767	3752	4020
15.6843	4020	4288
15.6852	4288	4556
15.6862	4556	4824
15.6908	4824	5092
15.6918	5092	5360
15.6927	5360	5628
15.6937	5628	5896
15.6999	5896	6164
15.7009	6164	6432
15.7018	6432	6700
15.7027	6700	6968
15.7037	6968	7236
15.7064	7236	7504
15.7074	7504	7772
15.7083	7772	8040
15.7093	8040	8308
15.7102	8308	8576
15.7112	8576	8844
15.7174	8844	9112
15.7184	9112	9380
15.7193	9380	9648
15.7202	9648	9916
15.7212	9916	10184
15.7221	10184	10452
15.7231	10452	10720
15.724	10720	10988
15.725	10988	11256
15.7259	11256	11524
15.7269	11524	11792
15.7278	11792	12060
15.7341	12060	12328
15.735	12328	12596
15.7359	12596	12864
15.7369	12864	13132
15.7378	13132	13400
15.7388	13400	13668
15.7397	13668	13936
15.7407	13936	14204
15.7416	14204	14472
15.7426	14472	14740
15.7435	14740	15008
15.7444	15008	15276
15.7454	15276	15544
15.7463	15544	15812
15.7473	15812	16080
15.7535	16080	16348
15.7545	16348	16616
15.7554	16616	16884
15.7564	16884	17152
15.7573	17152	17420
15.7583	17420	17688
15.7592	17688	17956
15.7601	17956	18224
15.7611	18224	18492
15.762	18492	18760
15.763	18760	19028
15.7639	19028	19296
15.7649	19296	19564
15.7658	19564	19832
15.7668	19832	20100
15.773	20100	20368
15.774	20368	20636
15.7749	20636	20904
15.7758	20904	21172
15.7768	21172	21440
15.7777	21440	21708
15.7787	21708	21976
15.7796	21976	22244
15.7806	22244	22512
15.7815	22512	22780
15.7825	22780	23048
15.7834	23048	23316
15.7843	23316	23584
15.7853	23584	23852
15.7862	23852	24120
15.7872	24120	24388
15.7881	24388	24656
15.7891	24656	24924
15.7953	24924	25192
15.7963	25192	25460
15.7972	25460	25728
15.7982	25728	25996
15.7991	25996	26264
15.8	26264	26532
15.801	26532	26800
15.8019	26800	27068
15.8029	27068	27336
15.8038	27336	27604
15.8048	27604	27872
15.8054	27872	28140
15.8063	28140	28408
15.8073	28408	28676
15.808	28676	28944
15.8143	28944	29212
15.8153	29212	29480
15.816	29480	29748
15.823	29748	30016
15.8239	30016	30284
15.8247	30284	30552
15.839	30552	30820
15.8399	30820	31088
15.8407	31088	31356
15.855	31356	31624
15.8559	31624	31892
15.8567	31892	32160
15.871	32160	32428
15.8719	32428	32696
15.8727	32696	32964
15.887	32964	33232
15.8879	33232	33500
15.8887	33500	33768
15.903	33768	34036
15.9039	34036	34304
15.9047	34304	34572
15.919	34572	34840
15.9199	34840	35108
15.9207	35108	35376
15.935	35376	35644
15.9359	35644	35912
15.9367	35912	36180
15.951	36180	36448
15.9519	36448	36716
15.9527	36716	36984
15.967	36984	37252
15.9679	37252	37520
15.9687	37520	37788
15.983	37788	38056
15.9839	38056	38324
15.9847	38324	38592
15.999	38592	38860
15.9999	38860	39128
16.0007	39128	39396
16.015	39396	39664
16.0159	39664	39932
16.0167	39932	40200
16.031	40200	40468
16.0319	40468	40736
16.0327	40736	41004
16.047	41004	41272
16.0479	41272	41540
16.0487	41540	41808
16.063	41808	42076
16.0639	42076	42344
16.0647	42344	42612
16.079	42612	42880
16.0799	42880	43148
16.0807	43148	43416
16.095	43416	43684
16.0959	43684	43952
16.0967	43952	44220
16.111	44220	44488
16.1119	44488	44756
16.1127	44756	45024
16.127	45024	45292
16.1279	45292	45560
16.1287	45560	45828
16.143	45828	46096
16.1439	46096	46364
16.1447	46364	46632
16.159	46632	46900
16.1599	46900	47168
16.1607	47168	47436
16.175	47436	47704
16.1759	47704	47972
16.1767	47972	48240
16.191	48240	48508
16.1919	48508	48776
16.1927	48776	49044
16.207	49044	49312
16.2079	49312	49580
16.2087	49580	49848
16.223	49848	50116
16.2239	50116	50384
16.2247	50384	50652
16.239	50652	50920
16.2399	50920	51188
16.2407	51188	51456
16.255	51456	51724
16.2559	51724	51992
16.2567	51992	52260
16.271	52260	52528
16.2719	52528	52796
16.2727	52796	53064
16.287	53064	53332
16.2879	53332	53600
16.2887	53600	53868
16.303	53868	54136
16.3039	54136	54404
16.3047	54404	54672
16.319	54672	54940
16.3199	54940	55208
16.3207	55208	55476
16.335	55476	55744
16.3359	55744	56012
16.3367	56012	56280
16.351	56280	56548
16.3519	56548	56816
16.3527	56816	57084
16.367	57084	57352
16.3679	57352	57620
16.3687	57620	57888
16.383	57888	58156
16.3839	58156	58424
16.3847	58424	58692
16.399	58692	58960
16.3999	58960	59228
16.4007	59228	59496
16.415	59496	59764
16.4159	59764	60032
16.4167	60032	60300
16.431	60300	60568
16.4319	60568	60836
16.4327	60836	61104
16.447	61104	61372
16.4479	61372	61640
16.4487	61640	61908
16.463	61908	62176
16.4639	62176	62444
16.4647	62444	62712
16.479	62712	62980
16.4799	62980	63248
16.4807	63248	63516
16.495	63516	63784
16.4959	63784	64052
16.4967	64052	64320
16.511	64320	64588
16.5119	64588	64856
16.5127	64856	65124
16.527	65124	65392
16.5279	65392	65660
16.5287	65660	65928
16.543	65928	66196
16.5439	66196	66464
16.5447	66464	66732
16.559	66732	67000
16.5599	67000	67268
16.5607	67268	67536
16.575	67536	67804
16.5759	67804	68072
16.5767	68072	68340
16.591	68340	68608
16.5919	68608	68876
16.5927	68876	69144
16.607	69144	69412
16.6079	69412	69680
16.6087	69680	69948
16.623	69948	70216
16.6239	70216	70484
16.6247	70484	70752
16.639	70752	71020
16.6399	71020	71288
16.6407	71288	71556
16.655	71556	71824
16.6559	71824	72092
16.6567	72092	72360
16.671	72360	72628
16.6719	72628	72896
16.6727	72896	73164
16.687	73164	73432
16.6879	73432	73700
16.6887	73700	73968
16.703	73968	74236
16.7039	74236	74504
16.7047	74504	74772
16.719	74772	75040
16.7199	75040	75308
16.7207	75308	75576
16.735	75576	75844
16.7359	75844	76112
16.7367	76112	76380
16.751	76380	76648
16.7519	76648	76916
16.7527	76916	77184
16.767	77184	77452
16.7679	77452	77720
16.7687	77720	77988
16.783	77988	78256
16.7839	78256	78524
16.7847	78524	78792
16.799	78792	79060
16.7999	79060	79328
16.8007	79328	79596
16.815	79596	79864
16.8159	79864	80132
16.8167	80132	80400
16.831	80400	80668
16.8319	80668	80936
16.8327	80936	81204
16.847	81204	81472
16.8479	81472	81740
16.8487	81740	82008
16.863	82008	82276
16.8647	82276	1072
16.879	1072	1340
16.886	1340	1608
16.8928	1608	1876
16.9003	1876	2144
16.9068	2144	2412
16.9076	2412	2680
16.9163	2680	2948
16.9172	2948	3216
16.9226	3216	3484
16.9275	3484	3752
16.9337	3752	1072
16.9483	1072	1340
16.9553	1340	1608
16.9643	1608	1876
16.9708	1876	2144
16.9798	2144	2412
16.9808	2412	2680
16.9868	2680	2948
16.9878	2948	3216
16.9958	3216	3484
16.9968	3484	3752
16.9977	3752	4020
17.0065	4020	4288
17.0075	4288	4556
17.0084	4556	4824
17.0225	4824	5092
17.0235	5092	5360
17.0244	5360	5628
17.0385	5628	5896
17.0395	5896	6164
17.0404	6164	6432
17.0545	6432	6700
17.0555	6700	6968
17.0564	6968	7236
17.0705	7236	7504
17.0715	7504	7772
17.0724	7772	8040
17.0865	8040	8308
17.0875	8308	8576
17.0884	8576	8844
17.1025	8844	9112
17.1035	9112	9380
17.1044	9380	9648
17.1185	9648	9916
17.1195	9916	10184
17.1204	10184	10452
17.1345	10452	10720
17.1355	10720	10988
17.1364	10988	11256
17.1505	11256	11524
17.1515	11524	11792
17.1524	11792	12060
17.1665	12060	12328
17.1675	12328	12596
17.1684	12596	12864
17.1825	12864	13132
17.1835	13132	13400
17.1844	13400	13668
17.1985	13668	13936
17.1995	13936	14204
17.2004	14204	14472
17.2145	14472	14740
17.2155	14740	15008
17.2164	15008	15276
17.2305	15276	15544
17.2315	15544	15812
17.2324	15812	16080
17.2465	16080	16348
17.2475	16348	16616
17.2484	16616	16884
17.2625	16884	17152
17.2635	17152	17420
17.2644	17420	17688
17.2785	17688	17956
17.2795	17956	18224
17.2804	18224	18492
17.2945	18492	18760
17.2955	18760	19028
17.2964	19028	19296
17.3105	19296	19564
17.3115	19564	19832
17.3124	19832	20100
17.3265	20100	20368
17.3275	20368	20636
17.3284	20636	20904
17.3425	20904	21172
17.3435	21172	21440
17.3444	21440	21708
17.3585	21708	21976
17.3595	21976	22244
17.3604	22244	22512
17.3745	22512	22780
17.3755	22780	23048
17.3764	23048	23316
17.3905	23316	23584
17.3915	23584	23852
17.3924	23852	24120
17.4065	24120	24388
17.4075	24388	24656
17.4084	24656	24924
17.4225	24924	25192
17.4235	25192	25460
17.4244	25460	25728
17.4385	25728	25996
17.4395	25996	26264
17.4404	26264	26532
17.4545	26532	26800
17.4555	26800	27068
17.4564	27068	27336
17.4705	27336	27604
17.4715	27604	27872
17.4724	27872	28140
17.4865	28140	28408
17.4875	28408	28676
17.4884	28676	28944
17.5025	28944	29212
17.5035	29212	29480
17.5044	29480	29748
17.5185	29748	30016
17.5195	30016	30284
17.5204	30284	30552
17.5345	30552	30820
17.5355	30820	31088
17.5364	31088	31356
17.5505	31356	31624
17.5515	31624	31892
17.5524	31892	32160
17.5665	32160	32428
17.5675	32428	32696
17.5684	32696	32964
17.5825	32964	33232
17.5835	33232	33500
17.5844	33500	33768
17.5985	33768	34036
17.5995	34036	34304
17.6004	34304	34572
17.6145	34572	34840
17.6155	34840	35108
17.6164	35108	35376
17.6305	35376	35644
17.6315	35644	35912
17.6324	35912	36180
17.6465	36180	36448
17.6475	36448	36716
17.6484	36716	36984
17.6625	36984	37252
17.6635	37252	37520
17.6644	37520	37788
17.6785	37788	38056
17.6795	38056	38324
17.6804	38324	38592
17.6945	38592	38860
17.6955	38860	39128
17.6964	39128	39396
17.7105	39396	39664
17.7115	39664	39932
17.7124	39932	40200
17.7265	40200	40468
17.7275	40468	40736
17.7284	40736	41004
17.7425	41004	41272
17.7435	41272	41540
17.7444	41540	41808
17.7585	41808	42076
17.7595	42076	42344
17.7604	42344	42612
17.7745	42612	42880
17.7755	42880	43148
17.7764	43148	43416
17.7905	43416	43684
17.7915	43684	43952
17.7924	43952	44220
17.8065	44220	44488
17.8075	44488	44756
17.8084	44756	45024
17.8225	45024	45292
17.8235	45292	45560
17.8244	45560	45828
17.8385	45828	46096
17.8395	46096	46364
17.8404	46364	46632
17.8545	46632	46900
17.8555	46900	47168
17.8564	47168	47436
17.8705	47436	47704
17.8715	47704	47972
17.8724	47972	48240
17.8865	48240	48508
17.8875	48508	48776
17.8884	48776	49044
17.9025	49044	49312
17.9035	49312	49580
17.9044	49580	49848
17.9185	49848	50116
17.9195	50116	50384
17.9204	50384	50652
17.9345	50652	50920
17.9355	50920	51188
17.9364	51188	51456
17.9505	51456	51724
17.9515	51724	51992
17.9524	51992	52260
17.9665	52260	52528
17.9675	52528	52796
17.9684	52796	53064
17.9825	53064	53332
17.9835	53332	53600
17.9844	53600	53868
17.9985	53868	54136
17.9995	54136	54404
18.0004	54404	54672
18.0145	54672	54940
18.0155	54940	55208
18.0164	55208	55476
18.0305	55476	55744
18.0315	55744	56012
18.0324	56012	56280
18.0465	56280	56548
18.0475	56548	56816
18.0484	56816	57084
18.0625	57084	57352
18.0635	57352	57620
18.0644	57620	57888
18.0785	57888	58156
18.0795	58156	58424
18.0804	58424	58692
18.0945	58692	58960
18.0955	58960	59228
18.0964	59228	59496
18.1105	59496	59764
18.1115	59764	60032
18.1124	60032	60300
18.1265	60300	60568
18.1275	60568	60836
18.1284	60836	61104
18.1425	61104	61372
18.1435	61372	61640
18.1444	61640	61908
18.1585	61908	62176
18.1595	62176	62444
18.1604	62444	62712
18.1745	62712	62980
18.1755	62980	63248
18.1764	63248	63516
18.1905	63516	63784
18.1915	63784	64052
18.1924	64052	64320
18.2065	64320	64588
18.2075	64588	64856
18.2084	64856	65124
18.2225	65124	65392
18.2235	65392	65660
18.2244	65660	65928
18.2385	65928	66196
18.2395	66196	66464
18.2404	66464	66732
18.2545	66732	67000
18.2555	67000	67268
18.2564	67268	67536
18.2705	67536	67804
18.2715	67804	68072
18.2724	68072	68340
18.2865	68340	68608
18.2875	68608	68876
18.2884	68876	69144
18.3025	69144	69412
18.3035	69412	69680
18.3044	69680	69948
18.3185	69948	70216
18.3195	70216	70484
18.3204	70484	70752
18.3345	70752	71020
18.3355	71020	71288
18.3364	71288	71556
18.3505	71556	71824
18.3515	71824	72092
18.3524	72092	72360
18.3665	72360	72628
18.3675	72628	72896
18.3684	72896	73164
18.3825	73164	73432
18.3835	73432	73700
18.3844	73700	73968
18.3985	73968	74236
18.3995	74236	74504
18.4004	74504	74772
18.4145	74772	75040
18.4155	75040	75308
18.4164	75308	75576
18.4305	75576	75844
18.4315	75844	76112
18.4324	76112	76380
18.4465	76380	76648
18.4475	76648	76916
18.4484	76916	77184
18.4625	77184	77452
18.4635	77452	77720
18.4644	77720	77988
18.4785	77988	78256
18.4795	78256	78524
18.4804	78524	78792
18.4945	78792	79060
18.4955	79060	79328
18.4964	79328	79596
18.5105	79596	79864
18.5115	79864	80132
18.5124	80132	80400
18.5265	80400	80668
18.5275	80668	80936
18.5284	80936	81204
18.5425	81204	81472
18.5435	81472	81740
18.5444	81740	82008
18.5591	82008	82276
18.56	82276	82544
18.561	82544	82812
18.5756	82812	83080
18.5766	83080	83348
18.5775	83348	83616
18.5942	83616	83884
18.5951	83884	84152
18.596	84152	84420
18.6107	84420	84688
18.6116	84688	84956
18.6126	84956	85224
18.6225	85224	85492
18.6235	85492	85760
18.6244	85760	86028
18.6385	86028	86296
18.6395	86296	86564
18.6404	86564	86832
18.6545	86832	87100
18.6555	87100	87368
18.6564	87368	87636
18.6705	87636	87904
18.6715	87904	88172
18.6724	88172	88440
18.6865	88440	88708
18.6875	88708	88976
18.6884	88976	89244
18.7025	89244	89512
18.7035	89512	89780
18.7044	89780	90048
18.7185	90048	90316
18.7195	90316	90584
18.7204	90584	90852
18.7345	90852	91120
18.7355	91120	91388
18.7364	91388	91656
18.7505	91656	91924
18.7515	91924	92192
18.7524	92192	92460
18.7665	92460	92728
18.7675	92728	92996
18.7684	92996	93264
18.7825	93264	93532
18.7835	93532	93800
18.7844	93800	94068
18.7985	94068	94336
18.7995	94336	94604
18.8004	94604	94872
18.8145	94872	95140
18.8155	95140	95408
18.8164	95408	95676
18.8305	95676	95944
18.8315	95944	96212
18.8324	96212	96480
18.8465	96480	96748
18.8475	96748	97016
18.8484	97016	97284
18.8625	97284	97552
18.8635	97552	97820
18.8644	97820	98088
18.8785	98088	98356
18.8795	98356	98624
18.8804	98624	98892
18.8945	98892	99160
18.8955	99160	99428
18.8964	99428	99696
18.9105	99696	99964
18.9115	99964	100232
18.9124	100232	100500
18.9265	100500	100768
18.9275	100768	101036
18.9284	101036	101304
18.9425	101304	101572
18.9435	101572	101840
18.9444	101840	102108
18.9585	102108	102376
18.9595	102376	102644
18.9604	102644	102912
18.9745	102912	103180
18.9755	103180	103448
18.9764	103448	103716
18.9905	103716	103984
18.9915	103984	104252
18.9924	104252	104520
19.0065	104520	104788
19.0075	104788	105056
19.0084	105056	105324
19.0225	105324	105592
19.0235	105592	105860
19.0244	105860	106128
19.0385	106128	106396
19.0395	106396	106664
19.0404	106664	106932
19.0545	106932	107200
19.0555	107200	107468
19.0564	107468	107736
19.0705	107736	108004
19.0715	108004	108272
19.0724	108272	108540
19.0865	108540	108808
19.0875	108808	109076
19.0884	109076	109344
19.1025	109344	109612
19.1035	109612	109880
19.1044	109880	110148
19.1185	110148	110416
19.1195	110416	110684
19.1204	110684	110952
19.135	110952	111220
19.1359	111220	1072
19.151	1072	1340
19.158	1340	1608
19.1648	1608	1876
19.1723	1876	2144
19.1788	2144	2412
19.1796	2412	2680
19.1883	2680	2948
19.1892	2948	3216
19.1946	3216	3484
19.199	3484	3752
19.1999	3752	4020
19.206	4020	4288
19.215	4288	4556
19.2159	4556	4824
19.2167	4824	5092
19.231	5092	5360
19.2319	5360	5628
19.2327	5628	5896
19.247	5896	6164
19.2479	6164	6432
19.2487	6432	6700
19.263	6700	6968
19.2639	6968	7236
19.2647	7236	7504
19.279	7504	7772
19.2799	7772	8040
19.2807	8040	8308
19.295	8308	8576
19.2959	8576	8844
19.2967	8844	9112
19.311	9112	9380
19.3119	9380	9648
19.3127	9648	9916
19.327	9916	10184
19.3279	10184	10452
19.3287	10452	10720
19.343	10720	10988
19.3439	10988	11256
19.3447	11256	11524
19.359	11524	11792
19.3599	11792	12060
19.3607	12060	12328
19.375	12328	12596
19.3759	12596	12864
19.3767	12864	13132
19.391	13132	13400
19.3919	13400	13668
19.3927	13668	13936
19.407	13936	14204
19.4079	14204	14472
19.4087	14472	14740
19.423	14740	15008
19.4239	15008	15276
19.4247	15276	15544
19.439	15544	15812
19.4399	15812	16080
19.4407	16080	16348
19.455	16348	16616
19.4559	16616	16884
19.4567	16884	17152
19.471	17152	17420
19.4719	17420	17688
19.4727	17688	17956
19.487	17956	18224
19.4879	18224	18492
19.4887	18492	18760
19.503	18760	19028
19.5039	19028	19296
19.5047	19296	19564
19.519	19564	19832
19.5199	19832	20100
19.5207	20100	20368
19.535	20368	20636
19.5359	20636	20904
19.5367	20904	21172
19.551	21172	21440
19.5519	21440	21708
19.5527	21708	21976
19.5675	21976	22244
19.5684	22244	1072
19.583	1072	1340
19.59	1340	1608
19.5968	1608	1876
19.6033	1876	2144
19.6098	2144	2412
19.6106	2412	2680
19.6176	2680	2948
19.6186	2948	3216
19.624	3216	3484
19.631	3484	3752
19.6319	3752	4020
19.6327	4020	4288
19.647	4288	4556
19.6479	4556	4824
19.6487	4824	5092
19.663	5092	5360
19.6639	5360	5628
19.6647	5628	5896
19.679	5896	6164
19.6799	6164	6432
19.6807	6432	6700
19.695	6700	6968
19.6959	6968	7236
19.6967	7236	7504
19.711	7504	7772
19.7119	7772	8040
19.7127	8040	8308
19.727	8308	8576
19.7279	8576	8844
19.7287	8844	9112
19.743	9112	9380
19.7439	9380	9648
19.7447	9648	9916
19.759	9916	10184
19.7599	10184	10452
19.7607	10452	10720
19.7755	10720	10988
19.7765	10988	11256
19.7773	11256	11524
19.7921	11524	11792
19.793	11792	12060
19.7938	12060	12328
19.8106	12328	12596
19.8116	12596	12864
19.8123	12864	13132
19.8286	13132	13400
19.8295	13400	13668
19.8303	13668	13936
19.839	13936	14204
19.8399	14204	14472
19.8407	14472	14740
19.855	14740	15008
19.8559	15008	15276
19.8567	15276	15544
19.871	15544	15812
19.8719	15812	16080
19.8865	16080	16348
19.8875	16348	1072
19.903	1072	1340
19.91	1340	1608
19.9168	1608	1876
19.9243	1876	2144
19.9308	2144	2412
19.9316	2412	2680
19.9403	2680	2948
19.9412	2948	3216
19.9466	3216	3484
19.951	3484	3752
19.9519	3752	4020
19.958	4020	4288
19.967	4288	4556
19.9679	4556	4824
19.9687	4824	5092
19.983	5092	5360
19.9839	5360	5628
19.9847	5628	5896
19.999	5896	6164
19.9999	6164	6432
20.0007	6432	6700
20.015	6700	6968
20.0159	6968	7236
20.0167	7236	7504
20.031	7504	7772
20.0319	7772	8040
20.0327	8040	8308
20.047	8308	8576
20.0479	8576	8844
20.0487	8844	9112
20.063	9112	9380
20.0639	9380	9648
20.0647	9648	9916
20.079	9916	10184
20.0799	10184	10452
20.0807	10452	10720
20.095	10720	10988
20.0959	10988	11256
20.0967	11256	11524
20.111	11524	11792
20.1119	11792	12060
20.1127	12060	12328
20.1275	12328	12596
20.1284	12596	1072
20.143	1072	1340
20.15	1340	1608
20.1568	1608	1876
20.1633	1876	2144
20.1698	2144	2412
20.1706	2412	2680
20.1776	2680	2948
20.1786	2948	3216
20.184	3216	3484
20.191	3484	3752
20.1919	3752	4020
20.1927	4020	4288
20.207	4288	4556
20.2079	4556	4824
20.2087	4824	5092
20.223	5092	5360
20.2239	5360	5628
20.2247	5628	5896
20.239	5896	6164
20.2399	6164	6432
20.2407	6432	6700
20.255	6700	6968
20.2559	6968	7236
20.2567	7236	7504
20.271	7504	7772
20.2719	7772	8040
20.2727	8040	8308
20.287	8308	8576
20.2879	8576	8844
20.2887	8844	9112
20.303	9112	9380
20.3039	9380	9648
20.3047	9648	9916
20.319	9916	10184
20.3199	10184	10452
20.3207	10452	10720
20.335	10720	10988
20.3359	10988	11256
20.3367	11256	11524
20.351	11524	11792
20.3519	11792	12060
20.3527	12060	12328
20.367	12328	12596
20.3679	12596	12864
20.3687	12864	13132
20.383	13132	13400
20.3839	13400	13668
20.3847	13668	13936
20.399	13936	14204
20.3999	14204	14472
20.4007	14472	14740
20.415	14740	15008
20.4159	15008	15276
20.4167	15276	15544
20.4315	15544	15812
20.4324	15812	1072
20.447	1072	1340
20.454	1340	1608
20.4608	1608	1876
20.4673	1876	2144
20.4738	2144	2412
20.4746	2412	2680
20.4816	2680	2948
20.4826	2948	3216
20.488	3216	3484
20.495	3484	3752
20.4959	3752	4020
20.4967	4020	4288
20.511	4288	4556
20.5119	4556	4824
20.5127	4824	5092
20.527	5092	5360
20.5279	5360	5628
20.5287	5628	5896
20.543	5896	6164
20.5439	6164	6432
20.5447	6432	6700
20.559	6700	6968
20.5599	6968	7236
20.5607	7236	7504
20.575	7504	7772
20.5759	7772	8040
20.5767	8040	8308
20.591	8308	8576
20.5919	8576	8844
20.5927	8844	9112
20.607	9112	9380
20.6079	9380	9648
20.6087	9648	9916
20.623	9916	10184
20.6239	10184	10452
20.6247	10452	10720
20.639	10720	10988
20.6399	10988	11256
20.6407	11256	11524
20.655	11524	11792
20.6559	11792	12060
20.6567	12060	12328
20.671	12328	12596
20.6719	12596	12864
20.6727	12864	13132
20.687	13132	13400
20.6879	13400	13668
20.6887	13668	13936
20.703	13936	14204
20.7039	14204	14472
20.7047	14472	14740
20.719	14740	15008
20.7199	15008	15276
20.7207	15276	15544
20.735	15544	15812
20.7359	15812	16080
20.7367	16080	16348
20.751	16348	16616
20.7519	16616	16884
20.7527	16884	17152
20.767	17152	17420
20.7679	17420	17688
20.7687	17688	17956
20.783	17956	18224
20.7839	18224	18492
20.7847	18492	18760
20.799	18760	19028
20.7999	19028	19296
20.8007	19296	19564
20.815	19564	19832
20.8159	19832	20100
20.8167	20100	20368
20.831	20368	20636
20.8319	20636	20904
20.8327	20904	21172
20.847	21172	21440
20.8479	21440	21708
20.8487	21708	21976
20.863	21976	22244
20.8639	22244	22512
20.8647	22512	22780
20.879	22780	23048
20.8799	23048	23316
20.8807	23316	23584
20.895	23584	23852
20.8964	23852	24120
20.9105	24120	1232
20.927	1232	1500
20.934	1500	1768
20.9408	1768	2036
20.9473	2036	2304
20.9538	2304	2572
20.9546	2572	2840
20.9616	2840	3108
20.9626	3108	3376
20.968	3376	3644
20.975	3644	3912
20.9759	3912	4180
20.9767	4180	4448
20.991	4448	4716
20.9919	4716	4984
21.007	4984	1072
21.023	1072	1340
21.03	1340	1608
21.0368	1608	1876
21.0433	1876	2144
21.0498	2144	2412
21.0506	2412	2680
21.0576	2680	2948
21.0586	2948	3216
21.064	3216	3484
21.071	3484	3752
21.0719	3752	4020
21.0727	4020	4288
21.087	4288	4556
21.0879	4556	4824
21.0887	4824	5092
21.103	5092	5360
21.1039	5360	5628
21.1047	5628	5896
21.119	5896	6164
21.1199	6164	6432
21.1207	6432	6700
21.135	6700	6968
21.1359	6968	7236
21.1367	7236	7504
21.151	7504	7772
21.1519	7772	8040
21.1527	8040	8308
21.167	8308	8576
21.1679	8576	8844
21.1687	8844	9112
21.183	9112	9380
21.1839	9380	9648
21.1847	9648	9916
21.199	9916	10184
21.1999	10184	10452
21.2007	10452	10720
21.215	10720	10988
21.2159	10988	11256
21.2167	11256	11524
21.231	11524	11792
21.2319	11792	12060
21.2327	12060	12328
21.247	12328	12596
21.2479	12596	12864
21.2487	12864	13132
21.263	13132	13400
21.2639	13400	13668
21.2647	13668	13936
21.279	13936	14204
21.2799	14204	14472
21.2807	14472	14740
21.295	14740	15008
21.2959	15008	15276
21.2967	15276	15544
21.311	15544	15812
21.3119	15812	16080
21.3127	16080	16348
21.327	16348	16616
21.3279	16616	16884
21.3287	16884	17152
21.343	17152	17420
21.3439	17420	17688
21.3447	17688	17956
21.359	17956	18224
21.3599	18224	18492
21.3607	18492	18760
21.375	18760	19028
21.3764	19028	19296
21.3905	19296	1232
21.407	1232	1500
21.414	1500	1768
21.4208	1768	2036
21.4273	2036	2304
21.4338	2304	2572
21.4346	2572	2840
21.4408	2840	3108
21.4418	3108	3376
21.4471	3376	3644
21.455	3644	3912
21.4559	3912	4180
21.4567	4180	4448
21.471	4448	4716
21.4719	4716	4984
21.4727	4984	5252
21.487	5252	5520
21.4879	5520	5788
21.4887	5788	6056
21.503	6056	6324
21.5039	6324	6592
21.5047	6592	6860
21.519	6860	7128
21.5199	7128	7396
21.5207	7396	7664
21.535	7664	7932
21.5359	7932	8200
21.5367	8200	8468
21.551	8468	8736
21.5519	8736	9004
21.5527	9004	9272
21.567	9272	9540
21.5679	9540	9808
21.5687	9808	10076
21.583	10076	10344
21.5839	10344	10612
21.5847	10612	10880
21.599	10880	11148
21.5999	11148	11416
21.6007	11416	11684
21.615	11684	11952
21.6159	11952	12220
21.6167	12220	12488
21.631	12488	12756
21.6319	12756	13024
21.6327	13024	13292
21.647	13292	13560
21.6479	13560	13828
21.6487	13828	14096
21.663	14096	14364
21.6644	14364	14632
21.6785	14632	1232
21.695	1232	1500
21.702	1500	1768
21.7088	1768	2036
21.7153	2036	2304
21.7218	2304	2572
21.7226	2572	2840
21.7296	2840	3108
21.7306	3108	3376
21.736	3376	3644
21.743	3644	3912
21.7439	3912	4180
21.7447	4180	4448
21.759	4448	4716
21.7599	4716	4984
21.7607	4984	5252
21.775	5252	5520
21.7759	5520	5788
21.7767	5788	6056
21.791	6056	6324
21.7919	6324	6592
21.7927	6592	6860
21.807	6860	7128
21.8079	7128	7396
21.8087	7396	7664
21.823	7664	7932
21.8239	7932	8200
21.8247	8200	8468
21.839	8468	8736
21.8399	8736	9004
21.8407	9004	9272
21.855	9272	9540
21.8559	9540	9808
21.8567	9808	10076
21.871	10076	10344
21.8719	10344	10612
21.8727	10612	10880
21.887	10880	11148
21.8879	11148	11416
21.8887	11416	11684
21.903	11684	11952
21.9039	11952	12220
21.9047	12220	12488
21.919	12488	12756
21.9204	12756	13024
21.935	13024	1124
21.951	1124	1392
21.958	1392	1660
21.9648	1660	1928
21.9713	1928	2196
21.9778	2196	2464
21.9786	2464	2732
21.9856	2732	3000
21.9866	3000	3268
21.992	3268	3536
21.999	3536	3804
21.9999	3804	4072
22.0007	4072	4340
22.015	4340	4608
22.0159	4608	4876
22.0167	4876	5144
22.031	5144	5412
22.0319	5412	5680
22.0327	5680	5948
22.047	5948	6216
22.0479	6216	6484
22.0487	6484	6752
22.063	6752	7020
22.0639	7020	7288
22.0647	7288	7556
22.079	7556	7824
22.0799	7824	8092
22.0807	8092	8360
22.095	8360	8628
22.0959	8628	8896
22.0967	8896	9164
22.111	9164	9432
22.1119	9432	9700
22.1127	9700	9968
22.127	9968	10236
22.1279	10236	10504
22.1287	10504	10772
22.143	10772	11040
22.1439	11040	11308
22.1447	11308	11576
22.159	11576	11844
22.1599	11844	12112
22.1607	12112	12380
22.175	12380	12648
22.1759	12648	12916
22.1767	12916	13184
22.191	13184	13452
22.1919	13452	13720
22.1927	13720	13988
22.207	13988	14256
22.2079	14256	14524
22.2087	14524	14792
22.223	14792	15060
22.2239	15060	15328
22.2247	15328	15596
22.239	15596	15864
22.2399	15864	16132
22.2407	16132	16400
22.255	16400	16668
22.2559	16668	16936
22.2567	16936	17204
22.271	17204	17472
22.2719	17472	17740
22.2727	17740	18008
22.287	18008	18276
22.2879	18276	18544
22.2887	18544	18812
22.303	18812	19080
22.3039	19080	19348
22.3047	19348	19616
22.319	19616	19884
22.3199	19884	20152
22.3207	20152	20420
22.335	20420	20688
22.3359	20688	20956
22.3367	20956	21224
22.351	21224	21492
22.3519	21492	21760
22.3527	21760	22028
22.367	22028	22296
22.3679	22296	22564
22.3687	22564	22832
22.383	22832	23100
22.3839	23100	23368
22.3847	23368	23636
22.399	23636	23904
22.3999	23904	24172
22.4007	24172	24440
22.415	24440	24708
22.4159	24708	24976
22.4167	24976	25244
22.431	25244	25512
22.4319	25512	25780
22.4327	25780	26048
22.447	26048	26316
22.4479	26316	26584
22.4487	26584	26852
22.463	26852	27120
22.4639	27120	27388
22.4647	27388	27656
22.479	27656	27924
22.4799	27924	28192
22.4807	28192	28460
22.495	28460	28728
22.4959	28728	28996
22.4967	28996	29264
22.511	29264	29532
22.5119	29532	29800
22.5127	29800	30068
22.527	30068	30336
22.5279	30336	30604
22.5287	30604	30872
22.543	30872	31140
22.5439	31140	31408
22.5447	31408	31676
22.559	31676	31944
22.5599	31944	32212
22.5607	32212	32480
22.575	32480	32748
22.5759	32748	33016
22.5767	33016	33284
22.591	33284	33552
22.5919	33552	33820
22.5927	33820	34088
22.607	34088	34356
22.6079	34356	34624
22.6087	34624	34892
22.623	34892	35160
22.6239	35160	35428
22.6247	35428	35696
22.639	35696	35964
22.6399	35964	36232
22.6407	36232	36500
22.655	36500	36768
22.6559	36768	37036
22.6567	37036	37304
22.671	37304	37572
22.6719	37572	37840
22.6727	37840	38108
22.687	38108	38376
22.6879	38376	38644
22.6887	38644	38912
22.703	38912	39180
22.7039	39180	39448
22.7047	39448	39716
22.719	39716	39984
22.7199	39984	40252
22.7207	40252	40520
22.735	40520	40788
22.7359	40788	41056
22.7367	41056	41324
22.751	41324	41592
22.7519	41592	41860
22.7527	41860	42128
22.767	42128	42396
22.7679	42396	42664
22.7687	42664	42932
22.783	42932	43200
22.7839	43200	43468
22.7847	43468	43736
22.799	43736	44004
22.8145	44004	1500
22.831	1500	1768
22.838	1768	2036
22.8443	2036	2304
22.847	2304	2572
22.8513	2572	2840
22.8538	2840	3108
22.863	3108	3376
22.8639	3376	3644
22.8647	3644	3912
22.879	3912	4180
22.8799	4180	4448
22.8807	4448	4716
22.895	4716	4984
22.8959	4984	5252
22.8967	5252	5520
22.911	5520	5788
22.9119	5788	6056
22.9127	6056	6324
22.927	6324	6592
22.9279	6592	6860
22.9287	6860	7128
22.943	7128	7396
22.9439	7396	7664
22.9447	7664	7932
22.959	7932	8200
22.9599	8200	8468
22.9607	8468	8736
22.975	8736	9004
22.9759	9004	9272
22.9767	9272	9540
22.991	9540	9808
22.9919	9808	10076
22.9927	10076	10344
23.007	10344	10612
23.0079	10612	10880
23.0087	10880	11148
23.023	11148	11416
23.0239	11416	11684
23.0247	11684	11952
23.039	11952	12220
23.0399	12220	12488
23.0407	12488	12756
23.055	12756	13024
23.0559	13024	13292
23.0567	13292	13560
23.071	13560	13828
23.0719	13828	14096
23.0727	14096	14364
23.087	14364	14632
23.0879	14632	14900
23.0887	14900	15168
23.103	15168	15436
23.1039	15436	15704
23.1047	15704	15972
23.119	15972	16240
23.1199	16240	16508
23.1207	16508	16776
23.135	16776	17044
23.1359	17044	17312
23.1367	17312	17580
23.151	17580	17848
23.1519	17848	18116
23.1527	18116	18384
23.167	18384	18652
23.1679	18652	18920
23.1687	18920	19188
23.183	19188	19456
23.1839	19456	19724
23.1847	19724	19992
23.199	19992	20260
23.1999	20260	20528
23.2007	20528	20796
23.215	20796	21064
23.2159	21064	21332
23.2167	21332	21600
23.231	21600	21868
23.2319	21868	22136
23.2327	22136	22404
23.247	22404	22672
23.2479	22672	22940
23.2487	22940	23208
23.263	23208	23476
23.2639	23476	23744
23.2647	23744	24012
23.279	24012	24280
23.2799	24280	24548
23.2807	24548	24816
23.295	24816	25084
23.2959	25084	25352
23.2967	25352	25620
23.311	25620	25888
23.3119	25888	26156
23.3127	26156	26424
23.327	26424	26692
23.3279	26692	26960
23.3287	26960	27228
23.343	27228	27496
23.3439	27496	27764
23.3447	27764	28032
23.359	28032	28300
23.3599	28300	28568
23.3607	28568	28836
23.375	28836	29104
23.3759	29104	29372
23.3767	29372	29640
23.391	29640	29908
23.3919	29908	30176
23.3927	30176	30444
23.407	30444	30712
23.4079	30712	30980
23.4087	30980	31248
23.423	31248	31516
23.4239	31516	31784
23.4247	31784	32052
23.439	32052	32320
23.4399	32320	32588
23.4407	32588	32856
23.455	32856	33124
23.4559	33124	33392
23.4567	33392	33660
23.471	33660	33928
23.4719	33928	34196
23.4727	34196	34464
23.487	34464	34732
23.4879	34732	35000
23.4887	35000	35268
23.503	35268	35536
23.5039	35536	35804
23.5047	35804	36072
23.519	36072	36340
23.5199	36340	36608
23.5207	36608	36876
23.535	36876	37144
23.5359	37144	37412
23.5367	37412	37680
23.551	37680	37948
23.5519	37948	38216
23.5527	38216	38484
23.567	38484	38752
23.5679	38752	39020
23.5687	39020	39288
23.583	39288	39556
23.5839	39556	39824
23.5847	39824	40092
23.599	40092	40360
23.5999	40360	40628
23.6007	40628	40896
23.615	40896	41164
23.6159	41164	41432
23.6167	41432	41700
23.631	41700	41968
23.6319	41968	42236
23.6327	42236	42504
23.647	42504	42772
23.6479	42772	43040
23.6487	43040	43308
23.663	43308	43576
23.6639	43576	43844
23.6647	43844	44112
23.679	44112	44380
23.6799	44380	44648
23.6807	44648	44916
23.695	44916	45184
23.6959	45184	45452
23.6967	45452	45720
23.711	45720	45988
23.7119	45988	46256
23.7127	46256	46524
23.727	46524	46792
23.7279	46792	47060
23.7287	47060	47328
23.743	47328	47596
23.7439	47596	47864
23.7447	47864	48132
23.759	48132	48400
23.7599	48400	48668
23.7607	48668	48936
23.775	48936	49204
23.7759	49204	49472
23.7767	49472	49740
23.791	49740	50008
23.7919	50008	50276
23.7927	50276	50544
23.807	50544	50812
23.8079	50812	51080
23.8087	51080	51348
23.823	51348	51616
23.8239	51616	51884
23.8247	51884	52152
23.839	52152	52420
23.8399	52420	52688
23.8407	52688	52956
23.855	52956	53224
23.8559	53224	53492
23.8567	53492	53760
23.871	53760	54028
23.8719	54028	54296
23.8727	54296	54564
23.887	54564	54832
23.8879	54832	55100
23.8887	55100	55368
23.903	55368	55636
23.9039	55636	55904
23.9047	55904	56172
23.919	56172	56440
23.9199	56440	56708
23.9207	56708	56976
23.935	56976	57244
23.9359	57244	57512
23.9367	57512	57780
23.951	57780	58048
23.9519	58048	58316
23.9527	58316	58584
23.967	58584	58852
23.9679	58852	59120
23.9687	59120	59388
23.983	59388	59656
23.9839	59656	59924
23.9847	59924	60192
23.999	60192	60460
23.9999	60460	60728
24.0007	60728	60996
24.015	60996	61264
24.0159	61264	61532
24.0167	61532	61800
24.031	61800	62068
24.0319	62068	62336
24.0327	62336	62604
24.047	62604	62872
24.0479	62872	63140
24.0487	63140	63408
24.063	63408	63676
24.0647	63676	1072
24.079	1072	1340
24.086	1340	1608
24.0928	1608	1876
24.0993	1876	2144
24.1058	2144	2412
24.1066	2412	2680
24.1136	2680	2948
24.1146	2948	3216
24.12	3216	3484
24.127	3484	3752
24.1279	3752	4020
24.1287	4020	4288
24.143	4288	4556
24.1439	4556	4824
24.1447	4824	5092
24.159	5092	5360
24.1599	5360	5628
24.1607	5628	5896
24.175	5896	6164
24.1759	6164	6432
24.1767	6432	6700
24.191	6700	6968
24.1919	6968	7236
24.1927	7236	7504
24.207	7504	7772
24.2079	7772	8040
24.2087	8040	8308
24.223	8308	8576
24.2239	8576	8844
24.2247	8844	9112
24.239	9112	9380
24.2399	9380	9648
24.2407	9648	9916
24.255	9916	10184
24.2559	10184	10452
24.2567	10452	10720
24.271	10720	10988
24.2719	10988	11256
24.2727	11256	11524
24.287	11524	11792
24.2879	11792	12060
24.2887	12060	12328
24.303	12328	12596
24.3039	12596	12864
24.3047	12864	13132
24.319	13132	13400
24.3199	13400	13668
24.3207	13668	13936
24.335	13936	14204
24.3359	14204	14472
24.3367	14472	14740
24.351	14740	15008
24.3519	15008	15276
24.3527	15276	15544
24.367	15544	15812
24.3679	15812	16080
24.3687	16080	16348
24.383	16348	16616
24.3839	16616	16884
24.3847	16884	17152
24.399	17152	17420
24.3999	17420	17688
24.4007	17688	17956
24.415	17956	18224
24.4159	18224	18492
24.4167	18492	18760
24.431	18760	19028
24.4319	19028	19296
24.4327	19296	19564
24.447	19564	19832
24.4479	19832	20100
24.4487	20100	20368
24.463	20368	20636
24.4639	20636	20904
24.4647	20904	21172
24.479	21172	21440
24.4799	21440	21708
24.4807	21708	21976
24.495	21976	22244
24.4959	22244	22512
24.4967	22512	22780
24.511	22780	23048
24.5119	23048	23316
24.5127	23316	23584
24.527	23584	23852
24.5279	23852	24120
24.5287	24120	24388
24.543	24388	24656
24.5439	24656	24924
24.5447	24924	25192
24.559	25192	25460
24.5599	25460	25728
24.5607	25728	25996
24.575	25996	26264
24.5759	26264	26532
24.5767	26532	26800
24.591	26800	27068
24.5919	27068	27336
24.5927	27336	27604
24.607	27604	27872
24.6079	27872	28140
24.6087	28140	28408
24.623	28408	28676
24.6239	28676	28944
24.6247	28944	29212
24.639	29212	29480
24.6404	29480	29748
24.6545	29748	1232
24.671	1232	1500
24.678	1500	1768
24.6848	1768	2036
24.6913	2036	2304
24.6978	2304	2572
24.6986	2572	2840
24.7056	2840	3108
24.7066	3108	3376
24.712	3376	3644
24.719	3644	3912
24.7199	3912	4180
24.7207	4180	4448
24.735	4448	4716
24.7359	4716	4984
24.7367	4984	5252
24.751	5252	5520
24.7519	5520	5788
24.7527	5788	6056
24.767	6056	6324
24.7679	6324	6592
24.7687	6592	6860
24.783	6860	7128
24.7839	7128	7396
24.7847	7396	7664
24.799	7664	7932
24.7999	7932	8200
24.8007	8200	8468
24.815	8468	8736
24.8159	8736	9004
24.8167	9004	9272
24.831	9272	9540
24.8319	9540	9808
24.8327	9808	10076
24.847	10076	10344
24.8479	10344	10612
24.8487	10612	10880
24.863	10880	11148
24.8639	11148	11416
24.8647	11416	11684
24.879	11684	11952
24.8799	11952	12220
24.8807	12220	12488
24.895	12488	12756
24.8959	12756	13024
24.8967	13024	13292
24.911	13292	13560
24.9119	13560	13828
24.9127	13828	14096
24.927	14096	14364
24.9279	14364	14632
24.9287	14632	14900
24.943	14900	15168
24.9439	15168	15436
24.9447	15436	15704
24.959	15704	15972
24.9599	15972	16240
24.9607	16240	16508
24.975	16508	16776
24.9764	16776	17044
24.9905	17044	1232
25.007	1232	1500
25.014	1500	1768
25.0208	1768	2036
25.0273	2036	2304
25.0339	2304	2572
25.0346	2572	2840
25.0408	2840	3108
25.0418	3108	3376
25.0472	3376	3644
25.055	3644	3912
25.0559	3912	4180
25.0567	4180	4448
25.071	4448	4716
25.0719	4716	4984
25.0727	4984	5252
25.087	5252	5520
25.0879	5520	5788
25.0887	5788	6056
25.103	6056	6324
25.1039	6324	6592
25.1047	6592	6860
25.119	6860	7128
25.1199	7128	7396
25.1207	7396	7664
25.135	7664	7932
25.1359	7932	8200
25.1367	8200	8468
25.151	8468	8736
25.1519	8736	9004
25.1527	9004	9272
25.167	9272	9540
25.1679	9540	9808
25.1687	9808	10076
25.183	10076	10344
25.1839	10344	10612
25.1847	10612	10880
25.199	10880	11148
25.1999	11148	11416
25.2007	11416	11684
25.215	11684	11952
25.2159	11952	12220
25.2167	12220	12488
25.231	12488	12756
25.2319	12756	13024
25.2327	13024	13292
25.247	13292	13560
25.2479	13560	13828
25.2487	13828	14096
25.263	14096	14364
25.2639	14364	14632
25.2647	14632	14900
25.279	14900	15168
25.2799	15168	15436
25.2807	15436	15704
25.295	15704	15972
25.2959	15972	16240
25.2967	16240	16508
25.311	16508	16776
25.3119	16776	17044
25.3127	17044	17312
25.327	17312	17580
25.3279	17580	17848
25.3287	17848	18116
25.343	18116	18384
25.3439	18384	18652
25.3447	18652	18920
25.359	18920	19188
25.3599	19188	19456
25.3607	19456	19724
25.375	19724	19992
25.3759	19992	20260
25.3767	20260	20528
25.391	20528	20796
25.3919	20796	21064
25.3927	21064	21332
25.407	21332	21600
25.4079	21600	21868
25.4087	21868	22136
25.423	22136	22404
25.4239	22404	22672
25.4247	22672	22940
25.439	22940	23208
25.4399	23208	23476
25.4407	23476	23744
25.455	23744	24012
25.4559	24012	24280
25.4567	24280	24548
25.471	24548	24816
25.4719	24816	25084
25.4727	25084	25352
25.487	25352	25620
25.4879	25620	25888
25.4887	25888	26156
25.503	26156	26424
25.5039	26424	26692
25.5047	26692	26960
25.519	26960	27228
25.5199	27228	27496
25.5207	27496	27764
25.535	27764	28032
25.5364	28032	28300
25.5505	28300	1232
25.567	1232	1500
25.574	1500	1768
25.5808	1768	2036
25.5873	2036	2304
25.5938	2304	2572
25.5946	2572	2840
25.6008	2840	3108
25.6018	3108	3376
25.6071	3376	3644
25.615	3644	3912
25.6159	3912	4180
25.6167	4180	4448
25.631	4448	4716
25.6319	4716	4984
25.6327	4984	5252
25.647	5252	5520
25.6479	5520	5788
25.6487	5788	6056
25.663	6056	6324
25.6639	6324	6592
25.6647	6592	6860
25.679	6860	7128
25.6799	7128	7396
25.6807	7396	7664
25.695	7664	7932
25.6959	7932	8200
25.6967	8200	8468
25.711	8468	8736
25.7119	8736	9004
25.7127	9004	9272
25.727	9272	9540
25.7279	9540	9808
25.7287	9808	10076
25.743	10076	10344
25.7439	10344	10612
25.7447	10612	10880
25.759	10880	11148
25.7599	11148	11416
25.7607	11416	11684
25.775	11684	11952
25.7759	11952	12220
25.7767	12220	12488
25.791	12488	12756
25.7919	12756	13024
25.7927	13024	13292
25.807	13292	13560
25.8079	13560	13828
25.8087	13828	14096
25.8235	14096	14364
25.8244	14364	1072
25.839	1072	1340
25.846	1340	1608
25.8528	1608	1876
25.8593	1876	2144
25.8658	2144	2412
25.8666	2412	2680
25.8728	2680	2948
25.8738	2948	3216
25.8791	3216	3484
25.887	3484	3752
25.8879	3752	4020
25.8887	4020	4288
25.903	4288	4556
25.9039	4556	4824
25.9047	4824	5092
25.919	5092	5360
25.9199	5360	5628
25.9207	5628	5896
25.935	5896	6164
25.9359	6164	6432
25.9367	6432	6700
25.951	6700	6968
25.9519	6968	7236
25.9527	7236	7504
25.967	7504	7772
25.9679	7772	8040
25.9687	8040	8308
25.983	8308	8576
25.9839	8576	8844
25.9847	8844	9112
25.999	9112	9380
25.9999	9380	9648
26.0007	9648	9916
26.015	9916	10184
26.0159	10184	10452
26.0167	10452	10720
26.031	10720	10988
26.0319	10988	11256
26.0327	11256	11524
26.047	11524	11792
26.0479	11792	12060
26.0487	12060	12328
26.063	12328	12596
26.0639	12596	12864
26.0647	12864	13132
26.079	13132	13400
26.0799	13400	13668
26.0807	13668	13936
26.0959	13936	1072
26.111	1072	1340
26.118	1340	1608
26.1248	1608	1876
26.1313	1876	2144
26.1378	2144	2412
26.1386	2412	2680
26.1448	2680	2948
26.1458	2948	3216
26.1511	3216	3484
26.159	3484	3752
26.1599	3752	4020
26.1607	4020	4288
26.175	4288	4556
26.1759	4556	4824
26.1767	4824	5092
26.191	5092	5360
26.1919	5360	5628
26.1927	5628	5896
26.207	5896	6164
26.2079	6164	6432
26.2087	6432	6700
26.223	6700	6968
26.2239	6968	7236
26.2247	7236	7504
26.239	7504	7772
26.2399	7772	8040
26.2407	8040	8308
26.255	8308	8576
26.2559	8576	8844
26.2567	8844	9112
26.271	9112	9380
26.2719	9380	9648
26.2727	9648	9916
26.287	9916	10184
26.2879	10184	10452
26.2887	10452	10720
26.303	10720	10988
26.3039	10988	11256
26.3047	11256	11524
26.319	11524	11792
26.3199	11792	12060
26.3207	12060	12328
26.335	12328	12596
26.3359	12596	12864
26.3367	12864	13132
26.351	13132	13400
26.3519	13400	13668
26.3527	13668	13936
26.367	13936	14204
26.3679	14204	14472
26.3687	14472	14740
26.383	14740	15008
26.3839	15008	15276
26.3847	15276	15544
26.399	15544	15812
26.3999	15812	16080
26.4007	16080	16348
26.415	16348	16616
26.4159	16616	16884
26.4167	16884	17152
26.431	17152	17420
26.4319	17420	17688
26.4327	17688	17956
26.447	17956	18224
26.4479	18224	18492
26.4487	18492	18760
26.463	18760	19028
26.4639	19028	19296
26.4647	19296	19564
26.479	19564	19832
26.4799	19832	20100
26.4807	20100	20368
26.495	20368	20636
26.4959	20636	20904
26.4967	20904	21172
26.511	21172	21440
26.5119	21440	21708
26.5127	21708	21976
26.527	21976	22244
26.5279	22244	22512
26.5287	22512	22780
26.543	22780	23048
26.5439	23048	23316
26.5447	23316	23584
26.559	23584	23852
26.5599	23852	24120
26.5607	24120	24388
26.575	24388	24656
26.5759	24656	24924
26.5767	24924	25192
26.591	25192	25460
26.5919	25460	25728
26.5927	25728	25996
26.607	25996	26264
26.6079	26264	26532
26.6087	26532	26800
26.623	26800	27068
26.6239	27068	27336
26.6247	27336	27604
26.639	27604	27872
26.6399	27872	28140
26.6407	28140	28408
26.655	28408	28676
26.6559	28676	28944
26.6567	28944	29212
26.671	29212	29480
26.6719	29480	29748
26.6727	29748	30016
26.687	30016	30284
26.6879	30284	30552
26.6887	30552	30820
26.703	30820	31088
26.7039	31088	31356
26.7047	31356	31624
26.719	31624	31892
26.7199	31892	32160
26.7207	32160	32428
26.735	32428	32696
26.7359	32696	32964
26.7367	32964	33232
26.751	33232	33500
26.7519	33500	33768
26.7527	33768	34036
26.767	34036	34304
26.7679	34304	34572
26.7687	34572	34840
26.783	34840	35108
26.7839	35108	35376
26.7847	35376	35644
26.799	35644	35912
26.7999	35912	36180
26.8007	36180	36448
26.8159	36448	1072
26.831	1072	1340
26.838	1340	1608
26.8448	1608	1876
26.8513	1876	2144
26.8578	2144	2412
26.8586	2412	2680
26.8648	2680	2948
26.8658	2948	3216
26.8711	3216	3484
26.879	3484	3752
26.8799	3752	4020
26.8807	4020	4288
26.895	4288	4556
26.8959	4556	4824
26.8967	4824	5092
26.911	5092	5360
26.9119	5360	5628
26.9127	5628	5896
26.927	5896	6164
26.9279	6164	6432
26.9287	6432	6700
26.943	6700	6968
26.9439	6968	7236
26.9447	7236	7504
26.959	7504	7772
26.9599	7772	8040
26.9607	8040	8308
26.975	8308	8576
26.9759	8576	8844
26.9767	8844	9112
26.991	9112	9380
26.9919	9380	9648
26.9927	9648	9916
27.007	9916	10184
27.0079	10184	10452
27.0087	10452	10720
27.023	10720	10988
27.0239	10988	11256
27.0247	11256	11524
27.039	11524	11792
27.0399	11792	12060
27.0407	12060	12328
27.055	12328	12596
27.0559	12596	12864
27.0567	12864	13132
27.071	13132	13400
27.0719	13400	13668
27.0727	13668	13936
27.087	13936	14204
27.0879	14204	14472
27.0887	14472	14740
27.103	14740	15008
27.1044	15008	15276
27.1185	15276	1232
27.135	1232	1500
27.142	1500	1768
27.1488	1768	2036
27.1553	2036	2304
27.1618	2304	2572
27.1626	2572	2840
27.1688	2840	3108
27.1698	3108	3376
27.1751	3376	3644
27.183	3644	3912
27.1839	3912	4180
27.1847	4180	4448
27.199	4448	4716
27.1999	4716	4984
27.2007	4984	5252
27.215	5252	5520
27.2159	5520	5788
27.2167	5788	6056
27.231	6056	6324
27.2319	6324	6592
27.2327	6592	6860
27.247	6860	7128
27.2479	7128	7396
27.2487	7396	7664
27.263	7664	7932
27.2639	7932	8200
27.2647	8200	8468
27.279	8468	8736
27.2799	8736	9004
27.2807	9004	9272
27.295	9272	9540
27.2959	9540	9808
27.2967	9808	10076
27.311	10076	10344
27.3119	10344	10612
27.3127	10612	10880
27.327	10880	11148
27.3279	11148	11416
27.3287	11416	11684
27.343	11684	11952
27.3439	11952	12220
27.3447	12220	12488
27.359	12488	12756
27.3599	12756	13024
27.3607	13024	13292
27.375	13292	13560
27.3759	13560	13828
27.3767	13828	14096
27.391	14096	14364
27.3927	14364	1072
27.407	1072	1340
27.414	1340	1608
27.4208	1608	1876
27.4273	1876	2144
27.4338	2144	2412
27.4346	2412	2680
27.4408	2680	2948
27.4418	2948	3216
27.4471	3216	3484
27.4559	3484	1072
27.471	1072	1340
27.478	1340	1608
27.4848	1608	1876
27.4913	1876	2144
27.4978	2144	2412
27.4986	2412	2680
27.5048	2680	2948
27.5058	2948	3216
27.5111	3216	3484
27.519	3484	3752
27.5199	3752	4020
27.5207	4020	4288
27.535	4288	4556
27.5359	4556	4824
27.5367	4824	5092
27.551	5092	5360
27.5519	5360	5628
27.5527	5628	5896
27.567	5896	6164
27.5679	6164	6432
27.5687	6432	6700
27.583	6700	6968
27.5839	6968	7236
27.5847	7236	7504
27.599	7504	7772
27.5999	7772	8040
27.6007	8040	8308
27.615	8308	8576
27.6159	8576	8844
27.6167	8844	9112
27.631	9112	9380
27.6319	9380	9648
27.6327	9648	9916
27.647	9916	10184
27.6479	10184	10452
27.6487	10452	10720
27.663	10720	10988
27.6639	10988	11256
27.6647	11256	11524
27.679	11524	11792
27.6799	11792	12060
27.6807	12060	12328
27.695	12328	12596
27.6959	12596	12864
27.6967	12864	13132
27.711	13132	13400
27.7119	13400	13668
27.7127	13668	13936
27.727	13936	14204
27.7279	14204	14472
27.7287	14472	14740
27.743	14740	15008
27.7439	15008	15276
27.7447	15276	15544
27.759	15544	15812
27.7599	15812	16080
27.7607	16080	16348
27.775	16348	16616
27.7759	16616	16884
27.7767	16884	17152
27.791	17152	17420
27.7919	17420	17688
27.7927	17688	17956
27.807	17956	18224
27.8079	18224	18492
27.8087	18492	18760
27.823	18760	19028
27.8239	19028	19296
27.8247	19296	19564
27.839	19564	19832
27.8399	19832	20100
27.8407	20100	20368
27.855	20368	20636
27.8559	20636	20904
27.8567	20904	21172
27.8719	21172	1072
27.887	1072	1340
27.894	1340	1608
27.9008	1608	1876
27.9073	1876	2144
27.9138	2144	2412
27.9146	2412	2680
27.9208	2680	2948
27.9218	2948	3216
27.9271	3216	3484
27.935	3484	3752
27.9359	3752	4020
27.9367	4020	4288
27.951	4288	4556
27.9519	4556	4824
27.9527	4824	5092
27.967	5092	5360
27.9679	5360	5628
27.9687	5628	5896
27.983	5896	6164
27.9839	6164	6432
27.9847	6432	6700
27.999	6700	6968
27.9999	6968	7236
28.0007	7236	7504
28.015	7504	7772
28.0159	7772	8040
28.0167	8040	8308
28.031	8308	8576
28.0319	8576	8844
28.0327	8844	9112
28.047	9112	9380
28.0479	9380	9648
28.0487	9648	9916
28.063	9916	10184
28.0639	10184	10452
28.0647	10452	10720
28.079	10720	10988
28.0799	10988	11256
28.0807	11256	11524
28.095	11524	11792
28.0959	11792	12060
28.0967	12060	12328
28.111	12328	12596
28.1119	12596	12864
28.1127	12864	13132
28.127	13132	13400
28.1279	13400	13668
28.1287	13668	13936
28.143	13936	14204
28.1439	14204	14472
28.1447	14472	14740
28.159	14740	15008
28.1599	15008	15276
28.1607	15276	15544
28.175	15544	15812
28.1759	15812	16080
28.1767	16080	16348
28.191	16348	16616
28.1919	16616	16884
28.1927	16884	17152
28.207	17152	17420
28.2079	17420	17688
28.2087	17688	17956
28.223	17956	18224
28.2239	18224	18492
28.2247	18492	18760
28.239	18760	19028
28.2399	19028	19296
28.2407	19296	19564
28.255	19564	19832
28.2559	19832	20100
28.2567	20100	20368
28.271	20368	20636
28.2719	20636	20904
28.2727	20904	21172
28.287	21172	21440
28.2879	21440	21708
28.2887	21708	21976
28.303	21976	22244
28.3039	22244	22512
28.3047	22512	22780
28.319	22780	23048
28.3199	23048	23316
28.3207	23316	23584
28.335	23584	23852
28.3359	23852	24120
28.3367	24120	24388
28.351	24388	24656
28.3519	24656	24924
28.3527	24924	25192
28.367	25192	25460
28.3679	25460	25728
28.3687	25728	25996
28.383	25996	26264
28.3839	26264	26532
28.3847	26532	26800
28.399	26800	27068
28.3999	27068	27336
28.4007	27336	27604
28.415	27604	27872
28.4159	27872	28140
28.4167	28140	28408
28.431	28408	28676
28.4319	28676	28944
28.4327	28944	29212
28.447	29212	29480
28.4479	29480	29748
28.4487	29748	30016
28.463	30016	30284
28.4639	30284	30552
28.4647	30552	30820
28.479	30820	31088
28.4799	31088	31356
28.4807	31356	31624
28.495	31624	31892
28.4959	31892	32160
28.4967	32160	32428
28.511	32428	32696
28.5119	32696	32964
28.5127	32964	33232
28.527	33232	33500
28.5279	33500	33768
28.5287	33768	34036
28.543	34036	34304
28.5439	34304	34572
28.5447	34572	34840
28.559	34840	35108
28.5599	35108	35376
28.5607	35376	35644
28.575	35644	35912
28.5759	35912	36180
28.5767	36180	36448
28.591	36448	36716
28.5919	36716	36984
28.5927	36984	37252
28.607	37252	37520
28.6079	37520	37788
28.6087	37788	38056
28.623	38056	38324
28.6239	38324	38592
28.6247	38592	38860
28.639	38860	39128
28.6399	39128	39396
28.6407	39396	39664
28.655	39664	39932
28.6559	39932	40200
28.6567	40200	40468
28.671	40468	40736
28.6719	40736	41004
28.6727	41004	41272
28.687	41272	41540
28.6879	41540	41808
28.6887	41808	42076
28.703	42076	42344
28.7039	42344	42612
28.7047	42612	42880
28.719	42880	43148
28.7199	43148	43416
28.7207	43416	43684
28.735	43684	43952
28.7359	43952	44220
28.7367	44220	44488
28.751	44488	44756
28.7519	44756	45024
28.7527	45024	45292
28.767	45292	45560
28.7679	45560	45828
28.7687	45828	46096
28.783	46096	46364
28.7839	46364	46632
28.7847	46632	46900
28.799	46900	47168
28.7999	47168	47436
28.8007	47436	47704
28.815	47704	47972
28.8159	47972	48240
28.8167	48240	48508
28.831	48508	48776
28.8319	48776	49044
28.8327	49044	49312
28.847	49312	49580
28.8479	49580	49848
28.8487	49848	50116
28.863	50116	50384
28.8639	50384	50652
28.8647	50652	50920
28.879	50920	51188
28.8799	51188	51456
28.8807	51456	51724
28.895	51724	51992
28.8959	51992	52260
28.8967	52260	52528
28.911	52528	52796
28.9119	52796	53064
28.9127	53064	53332
28.927	53332	53600
28.9279	53600	53868
28.9287	53868	54136
28.943	54136	54404
28.9439	54404	54672
28.9447	54672	54940
28.959	54940	55208
28.9599	55208	55476
28.9607	55476	55744
28.975	55744	56012
28.9759	56012	56280
28.9767	56280	56548
28.991	56548	56816
28.9919	56816	57084
28.9927	57084	57352
29.007	57352	57620
29.0087	57620	1072
29.023	1072	1340
29.03	1340	1608
29.0368	1608	1876
29.0438	1876	2144
29.0508	2144	1072
29.0638	1072	1340
29.0708	1340	1608
29.0778	1608	1876
29.0843	1876	2144
29.0908	2144	2412
29.0918	2412	2680
29.0978	2680	2948
29.0987	2948	3216
29.1043	3216	3484
29.1053	3484	3752
29.106	3752	4020
29.119	4020	4288
29.1199	4288	4556
29.1207	4556	4824
29.135	4824	5092
29.1359	5092	5360
29.1367	5360	5628
29.151	5628	5896
29.1519	5896	6164
29.1527	6164	6432
29.167	6432	6700
29.1679	6700	6968
29.1687	6968	7236
29.183	7236	7504
29.1839	7504	7772
29.1847	7772	8040
29.199	8040	8308
29.1999	8308	8576
29.2007	8576	8844
29.215	8844	9112
29.2159	9112	9380
29.2167	9380	9648
29.231	9648	9916
29.2319	9916	10184
29.2327	10184	10452
29.247	10452	10720
29.2479	10720	10988
29.2487	10988	11256
29.263	11256	11524
29.2639	11524	11792
29.2647	11792	12060
29.279	12060	12328
29.2799	12328	12596
29.2807	12596	12864
29.295	12864	13132
29.2959	13132	13400
29.2967	13400	13668
29.311	13668	13936
29.3119	13936	14204
29.3127	14204	14472
29.327	14472	14740
29.3279	14740	15008
29.3287	15008	15276
29.343	15276	15544
29.3439	15544	15812
29.3447	15812	16080
29.359	16080	16348
29.3599	16348	16616
29.3607	16616	16884
29.375	16884	17152
29.3759	17152	17420
29.3767	17420	17688
29.391	17688	17956
29.3919	17956	18224
29.3927	18224	18492
29.407	18492	18760
29.4079	18760	19028
29.4087	19028	19296
29.423	19296	19564
29.4239	19564	19832
29.4247	19832	20100
29.439	20100	20368
29.4399	20368	20636
29.4407	20636	20904
29.455	20904	21172
29.4559	21172	21440
29.4567	21440	21708
29.471	21708	21976
29.4719	21976	22244
29.4727	22244	22512
29.487	22512	22780
29.4879	22780	23048
29.4887	23048	23316
29.503	23316	23584
29.5039	23584	23852
29.5047	23852	24120
29.519	24120	24388
29.5199	24388	24656
29.5207	24656	24924
29.535	24924	25192
29.5359	25192	25460
29.5367	25460	25728
29.551	25728	25996
29.5519	25996	26264
29.5527	26264	26532
29.567	26532	26800
29.5679	26800	27068
29.5687	27068	27336
29.583	27336	27604
29.5839	27604	27872
29.5847	27872	28140
29.599	28140	28408
29.5999	28408	28676
29.6007	28676	28944
29.615	28944	29212
29.6159	29212	29480
29.6167	29480	29748
29.631	29748	30016
29.6319	30016	30284
29.6327	30284	30552
29.647	30552	30820
29.6479	30820	31088
29.6487	31088	31356
29.663	31356	31624
29.6639	31624	31892
29.6647	31892	32160
29.679	32160	32428
29.6799	32428	32696
29.6807	32696	32964
29.695	32964	33232
29.6959	33232	33500
29.6967	33500	33768
29.711	33768	34036
29.7119	34036	34304
29.7127	34304	34572
29.727	34572	34840
29.7279	34840	35108
29.7287	35108	35376
29.743	35376	35644
29.7439	35644	35912
29.7447	35912	36180
29.759	36180	36448
29.7599	36448	36716
29.7607	36716	36984
29.775	36984	37252
29.7759	37252	37520
29.7767	37520	37788
29.791	37788	38056
29.7919	38056	38324
29.7927	38324	38592
29.807	38592	38860
29.8079	38860	39128
29.8087	39128	39396
29.823	39396	39664
29.8239	39664	39932
29.8247	39932	40200
29.839	40200	40468
29.8399	40468	40736
29.8407	40736	41004
29.855	41004	41272
29.8559	41272	41540
29.8567	41540	41808
29.871	41808	42076
29.8719	42076	42344
29.8727	42344	42612
29.887	42612	42880
29.8879	42880	43148
29.8887	43148	43416
29.903	43416	43684
29.9039	43684	43952
29.9047	43952	44220
29.919	44220	44488
29.9199	44488	44756
29.9207	44756	45024
29.935	45024	45292
29.9359	45292	45560
29.9367	45560	45828
29.951	45828	46096
29.9519	46096	46364
29.9527	46364	46632
29.967	46632	46900
29.9679	46900	47168
29.9687	47168	47436
29.983	47436	47704
29.9839	47704	47972
29.9847	47972	48240
29.999	48240	48508
29.9999	48508	48776
